2.550000000000000000e+02 0.000000000000000000e+00 9.528049572004798051e+01
2.550000000000000000e+02 0.000000000000000000e+00 9.626098362438366962e+01
2.550000000000000000e+02 0.000000000000000000e+00 9.333567351617568875e+01
2.550000000000000000e+02 0.000000000000000000e+00 5.953634815939975056e+01
2.550000000000000000e+02 0.000000000000000000e+00 5.933699199285938164e+01
2.550000000000000000e+02 0.000000000000000000e+00 5.891349479009149093e+01
2.549997859174456778e+02 5.776830830606329616e-05 5.911075543956585676e+01
2.549999127811815640e+02 6.796271565419210716e-06 5.892555590669625332e+01
2.550000000000000000e+02 0.000000000000000000e+00 5.917735323734732589e+01
2.550000000000000000e+02 0.000000000000000000e+00 5.888196688629950870e+01
2.550000000000000000e+02 0.000000000000000000e+00 5.929375637858404247e+01
2.550000000000000000e+02 0.000000000000000000e+00 5.893569367844800411e+01
2.550000000000000000e+02 0.000000000000000000e+00 5.801718890350087321e+01
2.549998561455851984e+02 4.077762939251526429e-05 5.871512861377581771e+01
2.549998550128732688e+02 2.831779818924671301e-05 5.840574873957480406e+01
2.550000000000000000e+02 0.000000000000000000e+00 5.910178889194720853e+01
2.550000000000000000e+02 0.000000000000000000e+00 5.897945826919352186e+01
2.550000000000000000e+02 0.000000000000000000e+00 5.826296926839269474e+01
2.550000000000000000e+02 0.000000000000000000e+00 5.934832930654243199e+01
2.550000000000000000e+02 0.000000000000000000e+00 5.842966708463736580e+01
2.550000000000000000e+02 0.000000000000000000e+00 5.827100812494265369e+01
2.549996975659153406e+02 1.438544148013732986e-04 5.805125521472253780e+01
2.550000000000000000e+02 0.000000000000000000e+00 5.886159506228216287e+01
2.550000000000000000e+02 0.000000000000000000e+00 5.854049728319044021e+01
2.550000000000000000e+02 0.000000000000000000e+00 5.924379132274700765e+01
2.550000000000000000e+02 0.000000000000000000e+00 5.841414440038195011e+01
2.550000000000000000e+02 0.000000000000000000e+00 5.819236959937111919e+01
2.550000000000000000e+02 0.000000000000000000e+00 5.395479799781839603e+01
2.550000000000000000e+02 0.000000000000000000e+00 5.251403260171469611e+01
2.550000000000000000e+02 0.000000000000000000e+00 5.201745962165156101e+01
2.550000000000000000e+02 0.000000000000000000e+00 5.058361169728953399e+01
2.550000000000000000e+02 0.000000000000000000e+00 5.019787911018681825e+01
2.550000000000000000e+02 0.000000000000000000e+00 5.105770147830233441e+01
2.550000000000000000e+02 0.000000000000000000e+00 5.081081445385728301e+01
2.550000000000000000e+02 0.000000000000000000e+00 5.075999646593878367e+01
2.550000000000000000e+02 0.000000000000000000e+00 4.970009186293732739e+01
2.550000000000000000e+02 0.000000000000000000e+00 4.968431431849820257e+01
2.550000000000000000e+02 0.000000000000000000e+00 4.978897803331759064e+01
2.550000000000000000e+02 0.000000000000000000e+00 4.981194376764906906e+01
2.550000000000000000e+02 0.000000000000000000e+00 5.039066101669957476e+01
2.550000000000000000e+02 0.000000000000000000e+00 5.164207775614298157e+01
2.550000000000000000e+02 0.000000000000000000e+00 5.242258423695427183e+01
2.550000000000000000e+02 0.000000000000000000e+00 5.302858964905186667e+01
2.550000000000000000e+02 0.000000000000000000e+00 5.446307755565296560e+01
2.550000000000000000e+02 0.000000000000000000e+00 5.494270743070351415e+01
2.550000000000000000e+02 0.000000000000000000e+00 5.580894208104101040e+01
2.550000000000000000e+02 0.000000000000000000e+00 5.682430392020270915e+01
2.550000000000000000e+02 0.000000000000000000e+00 5.711335388072770058e+01
2.550000000000000000e+02 0.000000000000000000e+00 5.723728049458733835e+01
2.550000000000000000e+02 0.000000000000000000e+00 5.804516348997606912e+01
2.550000000000000000e+02 0.000000000000000000e+00 5.903918616913428252e+01
2.550000000000000000e+02 0.000000000000000000e+00 6.008832661068804271e+01
2.550000000000000000e+02 0.000000000000000000e+00 6.053059511551962402e+01
2.550000000000000000e+02 0.000000000000000000e+00 6.071600646551968339e+01
2.550000000000000000e+02 0.000000000000000000e+00 6.153698134536726627e+01
2.550000000000000000e+02 0.000000000000000000e+00 6.194356942448039405e+01
2.550000000000000000e+02 0.000000000000000000e+00 6.192486495242043532e+01
2.550000000000000000e+02 0.000000000000000000e+00 5.962179201823212793e+01
2.550000000000000000e+02 0.000000000000000000e+00 5.664691783420948923e+01
2.550000000000000000e+02 0.000000000000000000e+00 5.448291927048821037e+01
2.550000000000000000e+02 0.000000000000000000e+00 5.446234582374776068e+01
2.550000000000000000e+02 0.000000000000000000e+00 5.489251243434518557e+01
2.550000000000000000e+02 0.000000000000000000e+00 5.604521899286051934e+01
2.550000000000000000e+02 0.000000000000000000e+00 5.604907474426196501e+01
2.550000000000000000e+02 0.000000000000000000e+00 5.667714311928475723e+01
2.550000000000000000e+02 0.000000000000000000e+00 5.726017033721966953e+01
2.550000000000000000e+02 0.000000000000000000e+00 5.749423619535656371e+01
2.550000000000000000e+02 0.000000000000000000e+00 5.817877818895220798e+01
2.550000000000000000e+02 0.000000000000000000e+00 5.789899494470666497e+01
2.550000000000000000e+02 0.000000000000000000e+00 5.750644229908805016e+01
2.550000000000000000e+02 0.000000000000000000e+00 5.851503165363481429e+01
2.550000000000000000e+02 0.000000000000000000e+00 5.863074837144342411e+01
2.550000000000000000e+02 0.000000000000000000e+00 5.965034428779038223e+01
2.550000000000000000e+02 0.000000000000000000e+00 6.163423372604455608e+01
2.550000000000000000e+02 0.000000000000000000e+00 6.226351976638949282e+01
2.550000000000000000e+02 0.000000000000000000e+00 6.373516175692681429e+01
2.550000000000000000e+02 0.000000000000000000e+00 6.404023506037920299e+01
2.550000000000000000e+02 0.000000000000000000e+00 6.533173281137968047e+01
2.550000000000000000e+02 0.000000000000000000e+00 6.579129329649754254e+01
2.550000000000000000e+02 0.000000000000000000e+00 6.588380867589373224e+01
2.550000000000000000e+02 0.000000000000000000e+00 6.688159309136341335e+01
2.550000000000000000e+02 0.000000000000000000e+00 6.851454911835367056e+01
2.550000000000000000e+02 0.000000000000000000e+00 6.886530582655687738e+01
2.550000000000000000e+02 0.000000000000000000e+00 6.994474857759699660e+01
2.550000000000000000e+02 0.000000000000000000e+00 7.180692811923378827e+01
2.550000000000000000e+02 0.000000000000000000e+00 7.249646537243002342e+01
2.550000000000000000e+02 0.000000000000000000e+00 7.362542915623156148e+01
2.550000000000000000e+02 0.000000000000000000e+00 7.459853177879948305e+01
2.550000000000000000e+02 0.000000000000000000e+00 7.500340379934235102e+01
2.550000000000000000e+02 0.000000000000000000e+00 7.546628766125570564e+01
2.550000000000000000e+02 0.000000000000000000e+00 7.263130566571179259e+01
2.550000000000000000e+02 0.000000000000000000e+00 6.838551737183647106e+01
2.550000000000000000e+02 0.000000000000000000e+00 6.628696350515440372e+01
2.550000000000000000e+02 0.000000000000000000e+00 6.605125521472253070e+01
2.550000000000000000e+02 0.000000000000000000e+00 6.536291637074567973e+01
2.550000000000000000e+02 0.000000000000000000e+00 6.538704540022676781e+01
2.550000000000000000e+02 0.000000000000000000e+00 6.516817260717436966e+01
2.550000000000000000e+02 0.000000000000000000e+00 6.638264141625238324e+01
2.550000000000000000e+02 0.000000000000000000e+00 6.657038388739937318e+01
2.550000000000000000e+02 0.000000000000000000e+00 6.670405975281960309e+01
2.550000000000000000e+02 0.000000000000000000e+00 6.652418396600957351e+01
2.550000000000000000e+02 0.000000000000000000e+00 6.568281800604188447e+01
2.550000000000000000e+02 0.000000000000000000e+00 6.635064796785816554e+01
2.550000000000000000e+02 0.000000000000000000e+00 6.611582092730594695e+01
2.550000000000000000e+02 0.000000000000000000e+00 6.749426677857860568e+01
2.550000000000000000e+02 0.000000000000000000e+00 6.855290954049274887e+01
2.550000000000000000e+02 0.000000000000000000e+00 6.926672534114452162e+01
2.550000000000000000e+02 0.000000000000000000e+00 7.030856318890123191e+01
2.550000000000000000e+02 0.000000000000000000e+00 7.185849936058411913e+01
2.550000000000000000e+02 0.000000000000000000e+00 7.277985290602909174e+01
2.550000000000000000e+02 0.000000000000000000e+00 7.341073720290381743e+01
2.550000000000000000e+02 0.000000000000000000e+00 7.397481754842627311e+01
2.550000000000000000e+02 0.000000000000000000e+00 7.446921232345268038e+01
2.550000000000000000e+02 0.000000000000000000e+00 7.526541026259660327e+01
2.550000000000000000e+02 0.000000000000000000e+00 7.624136845193393697e+01
2.550000000000000000e+02 0.000000000000000000e+00 7.677757955319044925e+01
2.550000000000000000e+02 0.000000000000000000e+00 7.763845987424632256e+01
2.550000000000000000e+02 0.000000000000000000e+00 7.681119391235301919e+01
2.550000000000000000e+02 0.000000000000000000e+00 7.407650336358807408e+01
2.550000000000000000e+02 0.000000000000000000e+00 7.192692422270475561e+01
2.550000000000000000e+02 0.000000000000000000e+00 7.117459508380369471e+01
2.550000000000000000e+02 0.000000000000000000e+00 7.121894188847997498e+01
2.550000000000000000e+02 0.000000000000000000e+00 7.226882312363437677e+01
2.550000000000000000e+02 0.000000000000000000e+00 7.312905553346767817e+01
2.550000000000000000e+02 0.000000000000000000e+00 7.408613707853204744e+01
2.550000000000000000e+02 0.000000000000000000e+00 7.475948787828330921e+01
2.550000000000000000e+02 0.000000000000000000e+00 7.540696980303272312e+01
2.550000000000000000e+02 0.000000000000000000e+00 7.423811190514217628e+01
2.550000000000000000e+02 0.000000000000000000e+00 7.417393358003799619e+01
2.550000000000000000e+02 0.000000000000000000e+00 7.422811345695751584e+01
2.550000000000000000e+02 0.000000000000000000e+00 7.534421416410957306e+01
2.550000000000000000e+02 0.000000000000000000e+00 7.591917420769632940e+01
2.550000000000000000e+02 0.000000000000000000e+00 7.635372781158922351e+01
2.550000000000000000e+02 0.000000000000000000e+00 7.667630831059413765e+01
2.550000000000000000e+02 0.000000000000000000e+00 7.856845374627479828e+01
2.550000000000000000e+02 0.000000000000000000e+00 7.973706358025320640e+01
2.550000000000000000e+02 0.000000000000000000e+00 8.036302171295494645e+01
2.549998029081245932e+02 5.550288445092355587e-05 8.210110133580717218e+01
2.550000000000000000e+02 0.000000000000000000e+00 8.310013513253295514e+01
2.550000000000000000e+02 0.000000000000000000e+00 8.844241462467023496e+01
2.550000000000000000e+02 0.000000000000000000e+00 8.858824562178521944e+01
2.550000000000000000e+02 0.000000000000000000e+00 8.888413149879309572e+01
2.550000000000000000e+02 0.000000000000000000e+00 8.910839486790879960e+01
2.550000000000000000e+02 0.000000000000000000e+00 8.761683980168479025e+01
2.550000000000000000e+02 0.000000000000000000e+00 8.348812181637153174e+01
2.550000000000000000e+02 0.000000000000000000e+00 8.122744515692023981e+01
2.550000000000000000e+02 0.000000000000000000e+00 7.948431930243069132e+01
2.550000000000000000e+02 0.000000000000000000e+00 7.949379896855252525e+01
2.550000000000000000e+02 0.000000000000000000e+00 7.947044358131795150e+01
2.550000000000000000e+02 0.000000000000000000e+00 7.961427534188078425e+01
2.550000000000000000e+02 0.000000000000000000e+00 7.972391959104568571e+01
2.550000000000000000e+02 0.000000000000000000e+00 7.965421816258267995e+01
2.550000000000000000e+02 0.000000000000000000e+00 7.955860368335264354e+01
2.550000000000000000e+02 0.000000000000000000e+00 7.943935630246579649e+01
2.550000000000000000e+02 0.000000000000000000e+00 8.020343732761540423e+01
2.550000000000000000e+02 0.000000000000000000e+00 8.102129385152638008e+01
2.550000000000000000e+02 0.000000000000000000e+00 8.016241843058232064e+01
2.550000000000000000e+02 0.000000000000000000e+00 7.935584824831764195e+01
2.550000000000000000e+02 0.000000000000000000e+00 7.882159787140774654e+01
2.550000000000000000e+02 0.000000000000000000e+00 7.882925726946197642e+01
2.550000000000000000e+02 0.000000000000000000e+00 7.845669245851725293e+01
2.550000000000000000e+02 0.000000000000000000e+00 7.752725021719751908e+01
2.550000000000000000e+02 0.000000000000000000e+00 7.689990564509643889e+01
2.550000000000000000e+02 0.000000000000000000e+00 7.653291037869958302e+01
2.550000000000000000e+02 0.000000000000000000e+00 7.443811711561703248e+01
2.550000000000000000e+02 0.000000000000000000e+00 7.336539814257898229e+01
2.550000000000000000e+02 0.000000000000000000e+00 7.264826236326750575e+01
2.550000000000000000e+02 0.000000000000000000e+00 7.235939023851514662e+01
2.550000000000000000e+02 0.000000000000000000e+00 7.232893388020664815e+01
2.550000000000000000e+02 0.000000000000000000e+00 7.158024074659309122e+01
2.550000000000000000e+02 0.000000000000000000e+00 6.869946434052944539e+01
2.550000000000000000e+02 0.000000000000000000e+00 6.553821033780867822e+01
2.550000000000000000e+02 0.000000000000000000e+00 6.558883803012334113e+01
2.550000000000000000e+02 0.000000000000000000e+00 6.465476526244368927e+01
2.550000000000000000e+02 0.000000000000000000e+00 6.431712875649752448e+01
2.550000000000000000e+02 0.000000000000000000e+00 6.501995498602799728e+01
2.550000000000000000e+02 0.000000000000000000e+00 6.549206025574369505e+01
2.550000000000000000e+02 0.000000000000000000e+00 6.496085007764740737e+01
2.550000000000000000e+02 0.000000000000000000e+00 6.473910925799440008e+01
2.550000000000000000e+02 0.000000000000000000e+00 6.416875935195285763e+01
2.550000000000000000e+02 0.000000000000000000e+00 6.421603534967383098e+01
2.550000000000000000e+02 0.000000000000000000e+00 6.337203923261032656e+01
2.550000000000000000e+02 0.000000000000000000e+00 6.298425870234256507e+01
2.550000000000000000e+02 0.000000000000000000e+00 6.396134394004782564e+01
2.550000000000000000e+02 0.000000000000000000e+00 6.336589880125096386e+01
2.550000000000000000e+02 0.000000000000000000e+00 6.324400993614902688e+01
2.550000000000000000e+02 0.000000000000000000e+00 6.375057343541332955e+01
2.550000000000000000e+02 0.000000000000000000e+00 6.376561358438760152e+01
2.550000000000000000e+02 0.000000000000000000e+00 6.310317419863462618e+01
2.550000000000000000e+02 0.000000000000000000e+00 6.357071124114644078e+01
2.550000000000000000e+02 0.000000000000000000e+00 6.320798063515688625e+01
2.550000000000000000e+02 0.000000000000000000e+00 6.280705611568160407e+01
2.550000000000000000e+02 0.000000000000000000e+00 6.314578342321402715e+01
2.550000000000000000e+02 0.000000000000000000e+00 6.272697451511434252e+01
2.550000000000000000e+02 0.000000000000000000e+00 6.039226833492479329e+01
2.550000000000000000e+02 0.000000000000000000e+00 5.773203547200672148e+01
2.550000000000000000e+02 0.000000000000000000e+00 5.599910289215336689e+01
2.550000000000000000e+02 0.000000000000000000e+00 5.538292799237004971e+01
2.550000000000000000e+02 0.000000000000000000e+00 5.614475718620764866e+01
2.550000000000000000e+02 0.000000000000000000e+00 5.576120393685357612e+01
2.549995582423482574e+02 1.891628919041680502e-04 5.587116534535820023e+01
2.550000000000000000e+02 0.000000000000000000e+00 5.676935379917244262e+01
2.550000000000000000e+02 0.000000000000000000e+00 5.579419077360826407e+01
2.550000000000000000e+02 0.000000000000000000e+00 5.626439195457371767e+01
2.550000000000000000e+02 0.000000000000000000e+00 5.543948543162554188e+01
2.550000000000000000e+02 0.000000000000000000e+00 5.594065269126690509e+01
2.550000000000000000e+02 0.000000000000000000e+00 5.530085621694605180e+01
2.550000000000000000e+02 0.000000000000000000e+00 5.635224848981182078e+01
2.550000000000000000e+02 0.000000000000000000e+00 5.658046955440245540e+01
2.549997598650713542e+02 6.796271565419211393e-05 5.701942827498167787e+01
2.549999071176219445e+02 4.530847710279473810e-06 5.767825544239763502e+01
2.550000000000000000e+02 0.000000000000000000e+00 5.786444836362771582e+01
2.550000000000000000e+02 0.000000000000000000e+00 5.927700017103950358e+01
2.549997326799851010e+02 1.087403450467073714e-04 5.988897724041923709e+01
2.549999275064366486e+02 0.000000000000000000e+00 6.111971745633678665e+01
2.549999275064366486e+02 0.000000000000000000e+00 6.040739003915785332e+01
2.549999275064366486e+02 0.000000000000000000e+00 6.105336885517937873e+01
2.550000000000000000e+02 0.000000000000000000e+00 6.134254681215218596e+01
2.550000000000000000e+02 0.000000000000000000e+00 6.151200164922856573e+01
2.549999886728807326e+02 0.000000000000000000e+00 5.928710962499306447e+01
2.549999864074568734e+02 0.000000000000000000e+00 5.659116688584642674e+01
2.549999864074568734e+02 0.000000000000000000e+00 5.531379631800660945e+01
2.550000000000000000e+02 0.000000000000000000e+00 5.536318822160829001e+01
2.550000000000000000e+02 0.000000000000000000e+00 5.519747359931675135e+01
2.549995933564179893e+02 1.868974680490282964e-04 5.554209100887253214e+01
2.550000000000000000e+02 0.000000000000000000e+00 5.634552584452169555e+01
2.550000000000000000e+02 0.000000000000000000e+00 5.751888967046011913e+01
2.550000000000000000e+02 0.000000000000000000e+00 5.753769948472934459e+01
2.550000000000000000e+02 0.000000000000000000e+00 5.858540024942316649e+01
2.550000000000000000e+02 0.000000000000000000e+00 5.753656677280177689e+01
2.550000000000000000e+02 0.000000000000000000e+00 5.687069187177247898e+01
2.550000000000000000e+02 0.000000000000000000e+00 5.647340902114433447e+01
2.550000000000000000e+02 0.000000000000000000e+00 5.706712790696357018e+01
2.550000000000000000e+02 0.000000000000000000e+00 5.716717128983039942e+01
2.550000000000000000e+02 0.000000000000000000e+00 5.746439716504858808e+01
2.550000000000000000e+02 0.000000000000000000e+00 5.760318495939794303e+01
2.550000000000000000e+02 0.000000000000000000e+00 5.738856436692164209e+01
2.550000000000000000e+02 0.000000000000000000e+00 5.814605414136471495e+01
2.549998051735484523e+02 5.437017252335368572e-05 5.790914517628961988e+01
2.549998459511778606e+02 2.265423855139736905e-05 5.829434085793867126e+01
2.549996964332034111e+02 9.514780191586895679e-05 5.847065539844841453e+01
2.549999275064366486e+02 2.265423855139736905e-06 5.897345716140125660e+01
2.549999275064366486e+02 4.530847710279473810e-06 5.920220720246206270e+01
2.549999275064366486e+02 2.265423855139736905e-06 5.657170236408306607e+01
2.549997870501576074e+02 8.155525878503052859e-05 5.393411920886867961e+01
2.549998459511778606e+02 6.343186794391263335e-05 5.289549599756240639e+01
2.549995967545537781e+02 1.585796698597816037e-04 5.284122663640060580e+01
2.549997100257465377e+02 1.042094973364279044e-04 5.283586211271163080e+01
2.549998097043961707e+02 5.890102023363315954e-05 5.358480104481348150e+01
2.550000000000000000e+02 0.000000000000000000e+00 5.424783170619264894e+01
2.550000000000000000e+02 0.000000000000000000e+00 5.488299425601781678e+01
2.549997066276107489e+02 1.008113615537183008e-04 5.466116395212253565e+01
2.549998731362641138e+02 5.663559637849342263e-06 5.350775737763596140e+01
2.549998731362641138e+02 0.000000000000000000e+00 5.272362735136837131e+01
2.549998742689760434e+02 0.000000000000000000e+00 5.232098337518704056e+01
2.549999184447412119e+02 0.000000000000000000e+00 5.292203770344922020e+01
2.549999354354201273e+02 0.000000000000000000e+00 5.313733112681050130e+01
2.549999580896586906e+02 0.000000000000000000e+00 5.414700561938387580e+01
2.550000000000000000e+02 0.000000000000000000e+00 5.481730602591418489e+01
2.550000000000000000e+02 0.000000000000000000e+00 5.571950767808780114e+01
2.549999943364403521e+02 0.000000000000000000e+00 5.612510689968816280e+01
2.549999954691522817e+02 0.000000000000000000e+00 5.743261326836097425e+01
2.550000000000000000e+02 0.000000000000000000e+00 5.756660516040899722e+01
2.550000000000000000e+02 0.000000000000000000e+00 5.772706626478047554e+01
2.549997326799851010e+02 6.796271565419211393e-05 5.757468252916449813e+01
2.549999229755889303e+02 0.000000000000000000e+00 5.848052358476140000e+01
2.549999229755889303e+02 0.000000000000000000e+00 5.814443889415599642e+01
2.549999456298274652e+02 0.000000000000000000e+00 5.604085012295588086e+01
2.549999592223706202e+02 0.000000000000000000e+00 5.339403536553179919e+01
2.549999501606751835e+02 0.000000000000000000e+00 5.196475113752595121e+01
2.549999501606751835e+02 0.000000000000000000e+00 5.141421123038567487e+01
2.549999501606751835e+02 0.000000000000000000e+00 5.074871692056404271e+01
2.550000000000000000e+02 0.000000000000000000e+00 5.096573206605523154e+01
2.549996012854014964e+02 1.449871267289431619e-04 5.145944155036546874e+01
2.549999320372843385e+02 0.000000000000000000e+00 5.319865388514527638e+01
2.549999320372843385e+02 0.000000000000000000e+00 5.309370472692014431e+01
2.549995605077721166e+02 1.676413652803405378e-04 5.302165405391935593e+01
2.549998867288072404e+02 0.000000000000000000e+00 5.321473159824520138e+01
2.549998867288072404e+02 0.000000000000000000e+00 5.273645871208388058e+01
2.549998855960953108e+02 1.359254313083842143e-05 5.246199921389792564e+01
2.549994925450564551e+02 1.721722129906200183e-04 5.326485296832824190e+01
2.549995808965867923e+02 1.767030607008994989e-04 5.403189037160880304e+01
2.550000000000000000e+02 0.000000000000000000e+00 5.446398259248309870e+01
2.550000000000000000e+02 0.000000000000000000e+00 5.509576966076410542e+01
2.550000000000000000e+02 0.000000000000000000e+00 5.539257303443331182e+01
2.550000000000000000e+02 0.000000000000000000e+00 5.734158967057339140e+01
2.549997643959190725e+02 7.702441107475106155e-05 5.820419964274265823e+01
2.549999898055926622e+02 0.000000000000000000e+00 5.880359228260709159e+01
2.550000000000000000e+02 0.000000000000000000e+00 5.965597726420619296e+01
2.549995684367555953e+02 1.936937396144475037e-04 6.018114895501661010e+01
2.550000000000000000e+02 0.000000000000000000e+00 6.163674608109990771e+01
2.549996363994712567e+02 1.665086533527706744e-04 6.118073211702726866e+01
2.550000000000000000e+02 0.000000000000000000e+00 5.874188100408115787e+01
2.549995695694675248e+02 1.902956038317379136e-04 5.665125498818014904e+01
2.550000000000000000e+02 0.000000000000000000e+00 5.534837688044338933e+01
2.549995786311629331e+02 1.676413652803405378e-04 5.436555105868920634e+01
2.549998765343999025e+02 1.812339084111789524e-05 5.377145611251000901e+01
2.549999501606751835e+02 0.000000000000000000e+00 5.448571253810159476e+01
2.550000000000000000e+02 0.000000000000000000e+00 5.445349368003380164e+01
2.550000000000000000e+02 0.000000000000000000e+00 5.568353161455625155e+01
2.550000000000000000e+02 0.000000000000000000e+00 5.544093530289283223e+01
2.550000000000000000e+02 0.000000000000000000e+00 5.547266369669599584e+01
2.549995537115005391e+02 1.891628919041680502e-04 5.409456898612088338e+01
2.550000000000000000e+02 0.000000000000000000e+00 5.373715986076705065e+01
2.550000000000000000e+02 0.000000000000000000e+00 5.389398156171524334e+01
2.550000000000000000e+02 0.000000000000000000e+00 5.388862609972169082e+01
2.550000000000000000e+02 0.000000000000000000e+00 5.546363258449747491e+01
2.549996420630308762e+02 1.178020404672663191e-04 5.597036259241513534e+01
2.549995231282784971e+02 2.072862827452859455e-04 5.736091600148158420e+01
2.549999682840660284e+02 0.000000000000000000e+00 5.796305660048231090e+01
2.550000000000000000e+02 0.000000000000000000e+00 5.892815094972231549e+01
2.550000000000000000e+02 0.000000000000000000e+00 5.892768427240815754e+01
2.550000000000000000e+02 0.000000000000000000e+00 5.964021897586983556e+01
2.550000000000000000e+02 0.000000000000000000e+00 6.000108740345046954e+01
2.550000000000000000e+02 0.000000000000000000e+00 5.960766710049533401e+01
2.550000000000000000e+02 0.000000000000000000e+00 5.736167152033727490e+01
2.550000000000000000e+02 0.000000000000000000e+00 5.435216466912918065e+01
2.550000000000000000e+02 0.000000000000000000e+00 5.168021050318461818e+01
2.550000000000000000e+02 0.000000000000000000e+00 4.975064253084091348e+01
2.550000000000000000e+02 0.000000000000000000e+00 4.967784313525599771e+01
2.549996284704877496e+02 1.313945835981047473e-04 4.893051945036286554e+01
2.549995072703115113e+02 1.902956038317379136e-04 4.934868497808768950e+01
2.549999410989797752e+02 0.000000000000000000e+00 4.939137689063779391e+01
2.549999410989797752e+02 1.359254313083842143e-05 4.870022552294477691e+01
2.549995786311629331e+02 1.631105175700610572e-04 4.892639298081072496e+01
2.549995378535335533e+02 1.812339084111789524e-04 4.902886603076218819e+01
2.549998595437209872e+02 0.000000000000000000e+00 4.847922662960433371e+01
2.549999773457614367e+02 0.000000000000000000e+00 4.915202693135879031e+01
2.549999773457614367e+02 0.000000000000000000e+00 4.941927785083769464e+01
2.549999773457614367e+02 0.000000000000000000e+00 5.093563364471584265e+01
2.550000000000000000e+02 0.000000000000000000e+00 5.207440784652206389e+01
2.550000000000000000e+02 0.000000000000000000e+00 5.240413575778994471e+01
2.550000000000000000e+02 0.000000000000000000e+00 5.336193204408061774e+01
2.550000000000000000e+02 0.000000000000000000e+00 5.365328820609013860e+01
2.550000000000000000e+02 0.000000000000000000e+00 5.450818554274458450e+01
2.550000000000000000e+02 0.000000000000000000e+00 5.448178995669642433e+01
2.550000000000000000e+02 0.000000000000000000e+00 5.450441814287348308e+01
2.550000000000000000e+02 0.000000000000000000e+00 5.358056583491629965e+01
2.550000000000000000e+02 0.000000000000000000e+00 5.377101095672247766e+01
2.549995741003152432e+02 1.359254313083842279e-04 5.388699159641021197e+01
2.550000000000000000e+02 0.000000000000000000e+00 5.121137650551573728e+01
2.550000000000000000e+02 0.000000000000000000e+00 5.002501481020845375e+01
2.550000000000000000e+02 0.000000000000000000e+00 4.833916340162453196e+01
2.550000000000000000e+02 0.000000000000000000e+00 4.800424087345682267e+01
2.550000000000000000e+02 0.000000000000000000e+00 4.682538112924582663e+01
2.549997190874419744e+02 9.967864962614842383e-05 4.725933666124097954e+01
2.549995151992949900e+02 1.721722129906200183e-04 4.663360280550089954e+01
2.549999025867742262e+02 0.000000000000000000e+00 4.753577953801211464e+01
2.550000000000000000e+02 0.000000000000000000e+00 4.719222121410860638e+01
2.550000000000000000e+02 0.000000000000000000e+00 4.686753160549456254e+01
2.550000000000000000e+02 0.000000000000000000e+00 4.661639917674497013e+01
2.550000000000000000e+02 0.000000000000000000e+00 4.675764269055329692e+01
2.549997054948988193e+02 1.178020404672663191e-04 4.565047681508590927e+01
2.549996126125207638e+02 1.563142460046418498e-04 4.635142727366433490e+01
2.549999682840660284e+02 0.000000000000000000e+00 4.609385537760650919e+01
2.549999660186421693e+02 0.000000000000000000e+00 4.669144134194647222e+01
2.549999660186421693e+02 0.000000000000000000e+00 4.547949734775502151e+01
2.550000000000000000e+02 0.000000000000000000e+00 4.499680461965232325e+01
2.550000000000000000e+02 0.000000000000000000e+00 4.548523226824431021e+01
2.550000000000000000e+02 0.000000000000000000e+00 4.548260437657234689e+01
2.549994223169169345e+02 2.378695047896723920e-04 4.566006295612893240e+01
2.549994223169169345e+02 2.424003524999518726e-04 4.484248507935213723e+01
2.549998300932108748e+02 2.945051011681657977e-05 4.446199921389792564e+01
2.549998300932108748e+02 4.304305324765500459e-05 4.351928045607512985e+01
2.549998640745687055e+02 3.171593397195631667e-05 4.182762163343856088e+01
2.549998051735484523e+02 3.624678168223579048e-05 4.036343402009657666e+01
2.549998232969392973e+02 3.171593397195631667e-05 3.988814016630476544e+01
2.549998799325356913e+02 4.530847710279473810e-06 3.954513687124576649e+01
2.549999773457614367e+02 0.000000000000000000e+00 4.007961379054117401e+01
2.549999728149137468e+02 0.000000000000000000e+00 3.982585233740769581e+01
2.549999818766091551e+02 0.000000000000000000e+00 3.998491227712477070e+01
2.549999886728807326e+02 0.000000000000000000e+00 4.030367440422184444e+01
2.549999886728807326e+02 0.000000000000000000e+00 4.066578201865123532e+01
2.549999841420330142e+02 0.000000000000000000e+00 3.991808906966971193e+01
2.549999841420330142e+02 0.000000000000000000e+00 3.933230483090309804e+01
2.549999841420330142e+02 0.000000000000000000e+00 3.928092388515660360e+01
2.549999841420330142e+02 0.000000000000000000e+00 3.830782012987675245e+01
2.550000000000000000e+02 0.000000000000000000e+00 3.852939897172411321e+01
2.550000000000000000e+02 0.000000000000000000e+00 3.917856410639789999e+01
2.550000000000000000e+02 0.000000000000000000e+00 3.823072209252670461e+01
2.550000000000000000e+02 0.000000000000000000e+00 3.752865704541155623e+01
2.550000000000000000e+02 0.000000000000000000e+00 3.789181355108587468e+01
2.549996375321831863e+02 1.359254313083842279e-04 3.860249627054597710e+01
2.550000000000000000e+02 0.000000000000000000e+00 3.931118315158970233e+01
2.550000000000000000e+02 0.000000000000000000e+00 4.077326845159412017e+01
2.550000000000000000e+02 0.000000000000000000e+00 4.061898742349946900e+01
2.550000000000000000e+02 0.000000000000000000e+00 4.098122983064823899e+01
2.550000000000000000e+02 0.000000000000000000e+00 4.185730774763631246e+01
2.549999954691522817e+02 0.000000000000000000e+00 4.071766928662935214e+01
2.549995831620106514e+02 1.585796698597816037e-04 3.930114505848757744e+01
2.549999048521980853e+02 0.000000000000000000e+00 3.784091174248474232e+01
2.549999048521980853e+02 0.000000000000000000e+00 3.823230449108952200e+01
2.549999241083008599e+02 0.000000000000000000e+00 3.876307404424599667e+01
2.549996114798088342e+02 1.597123817873514671e-04 4.081039648315600488e+01
2.549999660186421693e+02 0.000000000000000000e+00 4.209849836379761712e+01
2.549999660186421693e+02 0.000000000000000000e+00 4.461987546965067963e+01
2.549999705494898876e+02 0.000000000000000000e+00 4.604159658011614908e+01
2.550000000000000000e+02 0.000000000000000000e+00 4.592933463368662927e+01
2.550000000000000000e+02 0.000000000000000000e+00 4.534464912548975946e+01
2.550000000000000000e+02 0.000000000000000000e+00 4.377563581952274063e+01
2.550000000000000000e+02 0.000000000000000000e+00 4.455317799321958461e+01
2.549997779884621991e+02 6.343186794391263335e-05 4.538398028175076604e+01
2.549996194087923413e+02 1.404562790186636813e-04 4.654713384237407325e+01
2.550000000000000000e+02 0.000000000000000000e+00 4.827041684931646159e+01
2.549996828406602845e+02 9.967864962614842383e-05 4.857126060643130927e+01
2.549995695694675248e+02 1.721722129906200183e-04 4.831914385101666909e+01
2.549995038721757226e+02 1.472525505840829158e-04 4.830821771176332646e+01
2.549997643959190725e+02 2.718508626167684286e-05 4.880497758929451635e+01
2.549998300932108748e+02 4.530847710279473810e-06 4.915211754831299373e+01
2.550000000000000000e+02 0.000000000000000000e+00 4.989927132641699359e+01
2.550000000000000000e+02 0.000000000000000000e+00 4.995778609188332808e+01
2.550000000000000000e+02 0.000000000000000000e+00 4.765678941865825635e+01
2.549997553342236358e+02 7.702441107475106155e-05 4.561953792149626707e+01
2.549999660186421693e+02 0.000000000000000000e+00 4.384834233272960091e+01
2.549999637532183101e+02 0.000000000000000000e+00 4.297480961944277311e+01
2.549999660186421693e+02 0.000000000000000000e+00 4.202781827222919020e+01
2.549999841420330142e+02 0.000000000000000000e+00 4.310356498424964400e+01
2.549999977345761408e+02 0.000000000000000000e+00 4.329539994359094379e+01
2.550000000000000000e+02 0.000000000000000000e+00 4.401129993418943798e+01
2.550000000000000000e+02 0.000000000000000000e+00 4.439398326078313772e+01
2.550000000000000000e+02 0.000000000000000000e+00 4.483684870480054485e+01
2.550000000000000000e+02 0.000000000000000000e+00 4.379504370568972860e+01
2.550000000000000000e+02 0.000000000000000000e+00 4.340311744976705910e+01
2.550000000000000000e+02 0.000000000000000000e+00 4.425538123118990086e+01
2.550000000000000000e+02 0.000000000000000000e+00 4.415161802235293464e+01
2.550000000000000000e+02 0.000000000000000000e+00 4.475870290891749903e+01
2.550000000000000000e+02 0.000000000000000000e+00 4.636292543244109510e+01
2.550000000000000000e+02 0.000000000000000000e+00 4.672980402950940970e+01
2.550000000000000000e+02 0.000000000000000000e+00 4.761350962861774150e+01
2.550000000000000000e+02 0.000000000000000000e+00 4.789979350661560176e+01
2.550000000000000000e+02 0.000000000000000000e+00 4.809399696659745871e+01
2.550000000000000000e+02 0.000000000000000000e+00 4.760631464245381750e+01
2.550000000000000000e+02 0.000000000000000000e+00 4.780695417160811900e+01
2.550000000000000000e+02 0.000000000000000000e+00 4.777243024476771893e+01
2.550000000000000000e+02 0.000000000000000000e+00 4.831948593001879289e+01
2.549995854274345106e+02 1.608450937149213304e-04 4.912461756813545577e+01
2.549999886728807326e+02 0.000000000000000000e+00 4.851116117697831243e+01
2.549995537115005391e+02 1.834993322663187063e-04 4.639438650622935256e+01
2.549999478952513243e+02 0.000000000000000000e+00 4.463779723776869446e+01
2.550000000000000000e+02 0.000000000000000000e+00 4.380787733182908994e+01
2.550000000000000000e+02 0.000000000000000000e+00 4.414370489682693233e+01
2.550000000000000000e+02 0.000000000000000000e+00 4.432921932361239925e+01
2.550000000000000000e+02 0.000000000000000000e+00 4.571365155742226705e+01
2.550000000000000000e+02 0.000000000000000000e+00 4.675011355437074201e+01
2.550000000000000000e+02 0.000000000000000000e+00 4.624275262590942503e+01
2.550000000000000000e+02 0.000000000000000000e+00 4.666073238887813091e+01
2.550000000000000000e+02 0.000000000000000000e+00 4.686535566588169388e+01
2.550000000000000000e+02 0.000000000000000000e+00 4.696574452588642856e+01
2.550000000000000000e+02 0.000000000000000000e+00 4.683348455037566538e+01
2.549995854274345106e+02 1.563142460046418498e-04 4.655148005804016265e+01
2.549999796111852959e+02 0.000000000000000000e+00 4.685590998111769068e+01
2.549999932037284225e+02 0.000000000000000000e+00 4.680819335845688300e+01
2.550000000000000000e+02 0.000000000000000000e+00 4.675416639764758742e+01
2.550000000000000000e+02 0.000000000000000000e+00 4.636512855714021697e+01
2.550000000000000000e+02 0.000000000000000000e+00 4.656623249818483146e+01
2.549996058162492147e+02 1.631105175700610572e-04 4.664657575520735833e+01
2.549999139138934936e+02 0.000000000000000000e+00 4.634150358446689211e+01
2.549994755543775398e+02 1.982245873247269843e-04 4.706917131928091180e+01
2.549999139138934936e+02 0.000000000000000000e+00 4.640860883719191321e+01
2.549996284704877496e+02 1.495179744392226425e-04 4.713330999946762745e+01
2.549998051735484523e+02 2.718508626167684286e-05 4.730472895902641284e+01
2.549999003213503670e+02 9.061695420558947621e-06 4.629772087033053651e+01
2.550000000000000000e+02 0.000000000000000000e+00 4.422849291545325201e+01
2.550000000000000000e+02 0.000000000000000000e+00 4.204649895733867027e+01
2.550000000000000000e+02 0.000000000000000000e+00 4.120698158323676807e+01
2.550000000000000000e+02 0.000000000000000000e+00 4.025875331459828033e+01
2.550000000000000000e+02 0.000000000000000000e+00 4.007023946662860681e+01
2.550000000000000000e+02 0.000000000000000000e+00 4.164145816271859957e+01
2.550000000000000000e+02 0.000000000000000000e+00 4.108944686278440628e+01
2.550000000000000000e+02 0.000000000000000000e+00 4.126401249607798150e+01
2.550000000000000000e+02 0.000000000000000000e+00 4.204594166307030889e+01
2.550000000000000000e+02 0.000000000000000000e+00 4.227312856167106503e+01
2.550000000000000000e+02 0.000000000000000000e+00 4.218358428566088492e+01
2.550000000000000000e+02 0.000000000000000000e+00 4.177365583907334923e+01
2.550000000000000000e+02 0.000000000000000000e+00 4.230590471400722663e+01
2.550000000000000000e+02 0.000000000000000000e+00 4.245085332853063420e+01
2.549994880142087368e+02 2.084189946728558088e-04 4.269829538182020201e+01
2.549999048521980853e+02 4.530847710279473810e-06 4.282801581718935324e+01
2.549999954691522817e+02 0.000000000000000000e+00 4.293253567759393974e+01
2.549999954691522817e+02 0.000000000000000000e+00 4.238961212545464008e+01
2.550000000000000000e+02 0.000000000000000000e+00 4.356168126165985655e+01
2.550000000000000000e+02 0.000000000000000000e+00 4.326031758977025277e+01
2.550000000000000000e+02 0.000000000000000000e+00 4.324297577015915550e+01
2.550000000000000000e+02 0.000000000000000000e+00 4.301045040024376220e+01
2.550000000000000000e+02 0.000000000000000000e+00 4.422953840856239793e+01
2.550000000000000000e+02 0.000000000000000000e+00 4.437243568178497100e+01
2.550000000000000000e+02 0.000000000000000000e+00 4.427026959676587836e+01
2.550000000000000000e+02 0.000000000000000000e+00 4.392391800524898571e+01
2.550000000000000000e+02 0.000000000000000000e+00 4.242929895326091128e+01
2.550000000000000000e+02 0.000000000000000000e+00 4.093060327104550566e+01
2.550000000000000000e+02 0.000000000000000000e+00 4.035150656349926379e+01
2.550000000000000000e+02 0.000000000000000000e+00 4.101464936335926126e+01
2.550000000000000000e+02 0.000000000000000000e+00 4.091374172129170006e+01
2.550000000000000000e+02 0.000000000000000000e+00 4.132887158105063463e+01
2.550000000000000000e+02 0.000000000000000000e+00 4.145094394548483763e+01
2.549995129338711308e+02 1.914283157593077770e-04 4.193541729673767549e+01
2.549996058162492147e+02 1.585796698597816037e-04 4.185939646843075224e+01
2.549999139138934936e+02 0.000000000000000000e+00 4.159786800960992537e+01
2.549999728149137468e+02 0.000000000000000000e+00 4.089024587777812059e+01
2.549999875401688030e+02 0.000000000000000000e+00 4.140016560248380983e+01
2.550000000000000000e+02 0.000000000000000000e+00 4.222094905401563381e+01
2.550000000000000000e+02 0.000000000000000000e+00 4.071716296439772975e+01
2.550000000000000000e+02 0.000000000000000000e+00 4.282300583233371327e+01
2.550000000000000000e+02 0.000000000000000000e+00 4.267981631943382581e+01
2.550000000000000000e+02 0.000000000000000000e+00 4.382436848478258185e+01
2.550000000000000000e+02 0.000000000000000000e+00 4.391415516114525985e+01
2.550000000000000000e+02 0.000000000000000000e+00 4.445064830767174158e+01
2.550000000000000000e+02 0.000000000000000000e+00 4.505261560174754720e+01
2.550000000000000000e+02 0.000000000000000000e+00 4.433696027692541008e+01
2.550000000000000000e+02 0.000000000000000000e+00 4.398654111687661583e+01
2.550000000000000000e+02 0.000000000000000000e+00 4.372042290932527919e+01
2.550000000000000000e+02 0.000000000000000000e+00 4.376719258481463726e+01
2.550000000000000000e+02 0.000000000000000000e+00 4.420189570668198087e+01
2.550000000000000000e+02 0.000000000000000000e+00 4.522361659060506156e+01
2.550000000000000000e+02 0.000000000000000000e+00 4.493754906058536136e+01
2.550000000000000000e+02 0.000000000000000000e+00 4.346029334973500369e+01
2.550000000000000000e+02 0.000000000000000000e+00 4.185465946714965213e+01
2.550000000000000000e+02 0.000000000000000000e+00 3.990989503158566976e+01
2.550000000000000000e+02 0.000000000000000000e+00 3.860064088840861984e+01
2.550000000000000000e+02 0.000000000000000000e+00 3.915648528550570262e+01
2.550000000000000000e+02 0.000000000000000000e+00 3.882159220784810572e+01
2.550000000000000000e+02 0.000000000000000000e+00 3.865800142042076004e+01
2.550000000000000000e+02 0.000000000000000000e+00 3.964845832243098300e+01
2.549993996626783996e+02 2.786471341821876360e-04 3.949982839414297331e+01
2.549994698908178918e+02 2.220115378036942235e-04 4.034236218010799035e+01
2.549994744216656102e+02 2.129498423831352894e-04 3.952386227582215383e+01
2.549998731362641138e+02 0.000000000000000000e+00 3.843501121951164379e+01
2.549999592223706202e+02 0.000000000000000000e+00 3.885088866914277617e+01
2.549999592223706202e+02 0.000000000000000000e+00 3.940971549674515018e+01
2.550000000000000000e+02 0.000000000000000000e+00 3.950123522235701756e+01
2.550000000000000000e+02 0.000000000000000000e+00 3.973470753944386047e+01
2.550000000000000000e+02 0.000000000000000000e+00 3.984678032298148054e+01
2.550000000000000000e+02 0.000000000000000000e+00 4.068523861143110310e+01
2.549995016067518634e+02 2.084189946728558088e-04 4.073234696778680330e+01
2.549998923923668883e+02 4.530847710279473810e-06 4.093844163758429033e+01
2.549998923923668883e+02 0.000000000000000000e+00 4.109844059548931483e+01
2.549994993413280042e+02 2.174806900934147429e-04 4.225210882643115440e+01
2.549996058162492147e+02 1.631105175700610572e-04 4.208518220237711205e+01
2.549999637532183101e+02 0.000000000000000000e+00 4.245341892104658399e+01
2.550000000000000000e+02 0.000000000000000000e+00 4.274508771154810916e+01
2.550000000000000000e+02 0.000000000000000000e+00 4.299905192011662081e+01
2.550000000000000000e+02 0.000000000000000000e+00 4.318420614450911899e+01
2.550000000000000000e+02 0.000000000000000000e+00 4.257205690291639399e+01
2.550000000000000000e+02 0.000000000000000000e+00 4.072723617156960785e+01
2.550000000000000000e+02 0.000000000000000000e+00 3.970970518906661084e+01
2.550000000000000000e+02 0.000000000000000000e+00 3.972695299358771592e+01
2.549995276591262154e+02 1.993572992522968477e-04 3.975399422543459593e+01
2.550000000000000000e+02 0.000000000000000000e+00 3.930071462795510229e+01
2.550000000000000000e+02 0.000000000000000000e+00 4.019006792873429390e+01
2.549996330013354680e+02 1.313945835981047473e-04 4.089416959189522061e+01
2.550000000000000000e+02 0.000000000000000000e+00 4.054362923167017385e+01
2.550000000000000000e+02 0.000000000000000000e+00 4.019038168993823490e+01
2.550000000000000000e+02 0.000000000000000000e+00 4.024098559530241914e+01
2.550000000000000000e+02 0.000000000000000000e+00 3.986926352203181523e+01
2.550000000000000000e+02 0.000000000000000000e+00 3.925442069147532465e+01
2.550000000000000000e+02 0.000000000000000000e+00 4.008642705278550977e+01
2.550000000000000000e+02 0.000000000000000000e+00 4.052782563485671830e+01
2.549995559769243982e+02 1.449871267289431619e-04 4.155614569846981965e+01
2.550000000000000000e+02 0.000000000000000000e+00 4.234367725865590160e+01
2.550000000000000000e+02 0.000000000000000000e+00 4.207991395920198130e+01
2.550000000000000000e+02 0.000000000000000000e+00 4.193813014180420851e+01
2.550000000000000000e+02 0.000000000000000000e+00 4.164422537795765322e+01
2.550000000000000000e+02 0.000000000000000000e+00 4.221636496884475775e+01
2.550000000000000000e+02 0.000000000000000000e+00 4.263966281431340377e+01
2.550000000000000000e+02 0.000000000000000000e+00 4.364026201892308876e+01
2.549992829933498513e+02 2.616564552686396041e-04 4.361590304892069270e+01
2.550000000000000000e+02 0.000000000000000000e+00 4.320830685619202427e+01
2.549993656813205689e+02 2.877088296027465971e-04 4.049433587400618961e+01
2.550000000000000000e+02 0.000000000000000000e+00 3.943326797585510946e+01
2.550000000000000000e+02 0.000000000000000000e+00 3.999532076702720929e+01
2.550000000000000000e+02 0.000000000000000000e+00 4.007381430547201973e+01
2.550000000000000000e+02 0.000000000000000000e+00 4.052416244448295402e+01
2.550000000000000000e+02 0.000000000000000000e+00 4.067396246419214378e+01
2.550000000000000000e+02 0.000000000000000000e+00 4.152755265128217133e+01
2.550000000000000000e+02 0.000000000000000000e+00 4.271690130794246443e+01
2.550000000000000000e+02 0.000000000000000000e+00 4.279570294403156794e+01
2.550000000000000000e+02 0.000000000000000000e+00 4.183167787485118794e+01
2.550000000000000000e+02 0.000000000000000000e+00 4.105703657640085424e+01
2.550000000000000000e+02 0.000000000000000000e+00 4.104512950861823839e+01
2.550000000000000000e+02 0.000000000000000000e+00 4.191148762455583210e+01
2.550000000000000000e+02 0.000000000000000000e+00 4.233855853345521325e+01
2.550000000000000000e+02 0.000000000000000000e+00 4.267453674913942052e+01
2.550000000000000000e+02 0.000000000000000000e+00 4.351257819959970163e+01
2.550000000000000000e+02 0.000000000000000000e+00 4.389605782267847900e+01
2.550000000000000000e+02 0.000000000000000000e+00 4.434824322043593270e+01
2.550000000000000000e+02 0.000000000000000000e+00 4.485911668858464196e+01
2.550000000000000000e+02 0.000000000000000000e+00 4.477700073739546838e+01
2.549994019281022304e+02 2.945051011681658316e-04 4.496770864836884130e+01
2.550000000000000000e+02 0.000000000000000000e+00 4.604981667057452199e+01
2.550000000000000000e+02 0.000000000000000000e+00 4.617803852806350307e+01
2.550000000000000000e+02 0.000000000000000000e+00 4.475855452365498621e+01
2.550000000000000000e+02 0.000000000000000000e+00 4.342974750718422428e+01
2.550000000000000000e+02 0.000000000000000000e+00 4.139550562561378655e+01
2.549993713448801884e+02 3.035667965887247385e-04 4.082437414834222267e+01
2.550000000000000000e+02 0.000000000000000000e+00 4.065776581633982545e+01
2.550000000000000000e+02 0.000000000000000000e+00 4.121031968528731682e+01
2.549995876928583698e+02 1.631105175700610572e-04 4.131236796826594571e+01
2.549992875241975696e+02 3.171593397195632074e-04 4.222019693329572476e+01
2.549998776671118321e+02 0.000000000000000000e+00 4.215972823975433670e+01
2.549999456298274652e+02 0.000000000000000000e+00 4.241865146114174934e+01
2.549999728149137468e+02 0.000000000000000000e+00 4.195402322285993790e+01
2.549999728149137468e+02 0.000000000000000000e+00 4.157657868893124942e+01
2.550000000000000000e+02 0.000000000000000000e+00 4.187219044965265624e+01
2.550000000000000000e+02 0.000000000000000000e+00 4.201285628037791753e+01
2.550000000000000000e+02 0.000000000000000000e+00 4.199524487532806205e+01
2.550000000000000000e+02 0.000000000000000000e+00 4.186903811235822559e+01
2.550000000000000000e+02 0.000000000000000000e+00 4.283157932891349162e+01
2.550000000000000000e+02 0.000000000000000000e+00 4.280412465721305182e+01
2.550000000000000000e+02 0.000000000000000000e+00 4.318156579300595865e+01
2.550000000000000000e+02 0.000000000000000000e+00 4.294878669561878581e+01
2.550000000000000000e+02 0.000000000000000000e+00 4.251711131273383160e+01
2.550000000000000000e+02 0.000000000000000000e+00 4.285018185689997239e+01
2.550000000000000000e+02 0.000000000000000000e+00 4.284454321692452794e+01
2.550000000000000000e+02 0.000000000000000000e+00 4.378031052164782722e+01
2.550000000000000000e+02 0.000000000000000000e+00 4.316884996890706105e+01
2.550000000000000000e+02 0.000000000000000000e+00 4.225350092939013535e+01
2.550000000000000000e+02 0.000000000000000000e+00 4.100420575938706946e+01
2.550000000000000000e+02 0.000000000000000000e+00 3.980934872462300689e+01
2.550000000000000000e+02 0.000000000000000000e+00 4.002052247470371071e+01
2.550000000000000000e+02 0.000000000000000000e+00 4.010195879873634794e+01
2.550000000000000000e+02 0.000000000000000000e+00 4.040619502807426500e+01
2.550000000000000000e+02 0.000000000000000000e+00 4.035607365799122448e+01
2.550000000000000000e+02 0.000000000000000000e+00 4.027520368992237820e+01
2.550000000000000000e+02 0.000000000000000000e+00 4.047427101492121437e+01
2.550000000000000000e+02 0.000000000000000000e+00 3.998601440583029643e+01
2.550000000000000000e+02 0.000000000000000000e+00 4.074158083542035769e+01
2.550000000000000000e+02 0.000000000000000000e+00 4.015463103608027495e+01
2.550000000000000000e+02 0.000000000000000000e+00 4.093746410719079165e+01
2.550000000000000000e+02 0.000000000000000000e+00 4.069161691229524536e+01
2.550000000000000000e+02 0.000000000000000000e+00 4.087431994807648294e+01
2.550000000000000000e+02 0.000000000000000000e+00 4.112158190016956638e+01
2.550000000000000000e+02 0.000000000000000000e+00 4.112364796672545708e+01
2.550000000000000000e+02 0.000000000000000000e+00 4.183568087880322395e+01
2.550000000000000000e+02 0.000000000000000000e+00 4.160557045071740134e+01
2.550000000000000000e+02 0.000000000000000000e+00 4.226646368468924919e+01
2.550000000000000000e+02 0.000000000000000000e+00 4.260350438416151775e+01
2.550000000000000000e+02 0.000000000000000000e+00 4.260684814977170021e+01
2.550000000000000000e+02 0.000000000000000000e+00 4.264838129801990618e+01
2.550000000000000000e+02 0.000000000000000000e+00 4.226763264339849968e+01
2.550000000000000000e+02 0.000000000000000000e+00 4.287495653217978031e+01
2.550000000000000000e+02 0.000000000000000000e+00 4.224866651488326852e+01
2.549994155206453854e+02 2.582583194859300411e-04 4.206526912669043128e+01
2.550000000000000000e+02 0.000000000000000000e+00 4.125654226091565846e+01
2.550000000000000000e+02 0.000000000000000000e+00 3.975512127380252281e+01
2.550000000000000000e+02 0.000000000000000000e+00 3.793004597677713718e+01
2.550000000000000000e+02 0.000000000000000000e+00 3.867616332346741359e+01
2.549999954691522817e+02 0.000000000000000000e+00 3.806570635349446974e+01
2.549995944891299189e+02 1.427217028738034352e-04 3.857085509556124236e+01
2.550000000000000000e+02 0.000000000000000000e+00 3.843357720621133922e+01
2.550000000000000000e+02 0.000000000000000000e+00 3.881339703705214106e+01
2.549994291131885120e+02 2.582583194859300411e-04 3.926944951333032208e+01
2.550000000000000000e+02 0.000000000000000000e+00 3.906000201622723011e+01
2.550000000000000000e+02 0.000000000000000000e+00 3.860344774856513794e+01
2.550000000000000000e+02 0.000000000000000000e+00 3.833271600533280576e+01
2.550000000000000000e+02 0.000000000000000000e+00 3.852804538097066711e+01
2.550000000000000000e+02 0.000000000000000000e+00 3.834361835763566972e+01
2.550000000000000000e+02 0.000000000000000000e+00 3.850777550102680635e+01
2.550000000000000000e+02 0.000000000000000000e+00 3.835090622617764922e+01
2.550000000000000000e+02 0.000000000000000000e+00 3.923635733436636741e+01
2.550000000000000000e+02 0.000000000000000000e+00 3.865534521095060683e+01
2.550000000000000000e+02 0.000000000000000000e+00 3.965431897394422833e+01
2.550000000000000000e+02 0.000000000000000000e+00 3.962679747224006377e+01
2.550000000000000000e+02 0.000000000000000000e+00 3.954467699020317184e+01
2.550000000000000000e+02 0.000000000000000000e+00 3.896062693339766980e+01
2.550000000000000000e+02 0.000000000000000000e+00 3.912414975810936824e+01
2.550000000000000000e+02 0.000000000000000000e+00 4.066920280867249460e+01
2.550000000000000000e+02 0.000000000000000000e+00 4.053665852246790990e+01
2.550000000000000000e+02 0.000000000000000000e+00 4.103988505239359341e+01
2.550000000000000000e+02 0.000000000000000000e+00 4.123235319770240892e+01
2.550000000000000000e+02 0.000000000000000000e+00 4.124183739467194698e+01
2.550000000000000000e+02 0.000000000000000000e+00 4.175334857963587609e+01
2.550000000000000000e+02 0.000000000000000000e+00 4.194451070809220994e+01
2.550000000000000000e+02 0.000000000000000000e+00 4.070312979632706885e+01
2.550000000000000000e+02 0.000000000000000000e+00 3.875805499769493423e+01
2.549993713448801884e+02 2.639218791237793850e-04 3.872268720046849211e+01
2.549998697381283250e+02 1.925610276868776539e-05 3.929228158765434387e+01
2.549999127811815640e+02 7.928983492989079168e-06 3.964286612364456630e+01
2.550000000000000000e+02 0.000000000000000000e+00 3.947583075924547558e+01
2.550000000000000000e+02 0.000000000000000000e+00 4.004830903099892936e+01
2.550000000000000000e+02 0.000000000000000000e+00 3.987843169237356733e+01
2.550000000000000000e+02 0.000000000000000000e+00 4.023875528551702985e+01
2.550000000000000000e+02 0.000000000000000000e+00 4.039533232068887258e+01
2.550000000000000000e+02 0.000000000000000000e+00 4.052646524783170889e+01
2.549995899582822290e+02 1.472525505840829158e-04 4.043024590043235378e+01
2.550000000000000000e+02 0.000000000000000000e+00 4.076454656975183610e+01
2.550000000000000000e+02 0.000000000000000000e+00 4.126366248809236481e+01
2.550000000000000000e+02 0.000000000000000000e+00 4.101900237529691395e+01
2.550000000000000000e+02 0.000000000000000000e+00 4.052536764997389440e+01
2.550000000000000000e+02 0.000000000000000000e+00 4.093638350001189252e+01
2.550000000000000000e+02 0.000000000000000000e+00 4.109849609837376505e+01
2.550000000000000000e+02 0.000000000000000000e+00 4.099197586870509724e+01
2.550000000000000000e+02 0.000000000000000000e+00 4.166352452377958571e+01
2.550000000000000000e+02 0.000000000000000000e+00 4.150725332082819108e+01
2.550000000000000000e+02 0.000000000000000000e+00 4.149374686380384958e+01
2.550000000000000000e+02 0.000000000000000000e+00 4.124952284510051470e+01
2.550000000000000000e+02 0.000000000000000000e+00 4.225138842164521691e+01
2.550000000000000000e+02 0.000000000000000000e+00 4.161613978571355688e+01
2.549995016067518634e+02 2.174806900934147429e-04 4.126272913346404891e+01
2.549999003213503670e+02 0.000000000000000000e+00 4.175217962092662560e+01
2.549999139138934936e+02 2.265423855139736905e-06 4.233197521173217837e+01
2.549999116484696629e+02 0.000000000000000000e+00 4.186742852870914788e+01
2.549999229755889303e+02 0.000000000000000000e+00 4.189147260479567336e+01
2.549999252410127895e+02 0.000000000000000000e+00 4.246689819298466517e+01
2.550000000000000000e+02 0.000000000000000000e+00 4.206388268729108404e+01
2.550000000000000000e+02 0.000000000000000000e+00 4.048756112396738871e+01
2.549994359094600611e+02 2.933723892405959411e-04 3.967137195201379285e+01
2.549994970759041450e+02 1.993572992522968477e-04 3.877891615326498709e+01
2.549999003213503670e+02 4.530847710279473810e-06 3.938897440863942023e+01
2.549999365681320569e+02 0.000000000000000000e+00 4.003315107998418654e+01
2.549995151992949900e+02 1.948264515420173942e-04 3.991655990856749270e+01
2.549998697381283250e+02 1.925610276868776539e-05 4.038312281882159738e+01
2.549998697381283250e+02 2.831779818924671301e-05 4.123175852394043517e+01
2.549999059849100149e+02 1.132711927569868453e-06 4.072130642462877859e+01
2.549999467625393947e+02 0.000000000000000000e+00 4.138348075579070695e+01
2.549999467625393947e+02 0.000000000000000000e+00 4.147055911793457028e+01
2.549999467625393947e+02 0.000000000000000000e+00 4.166503556149096710e+01
2.549999467625393947e+02 0.000000000000000000e+00 4.151332465675996986e+01
2.549995027394637930e+02 1.721722129906200183e-04 4.186963618425598099e+01
2.549999444971155356e+02 0.000000000000000000e+00 4.254717688542731935e+01
2.549999682840660284e+02 0.000000000000000000e+00 4.298808953408160249e+01
2.550000000000000000e+02 0.000000000000000000e+00 4.371527473361447136e+01
2.550000000000000000e+02 0.000000000000000000e+00 4.369630973781116978e+01
2.550000000000000000e+02 0.000000000000000000e+00 4.354590371722073172e+01
2.550000000000000000e+02 0.000000000000000000e+00 4.374139280524038043e+01
2.550000000000000000e+02 0.000000000000000000e+00 4.380896700070341154e+01
2.550000000000000000e+02 0.000000000000000000e+00 4.399746612341802887e+01
2.550000000000000000e+02 0.000000000000000000e+00 4.450186501018874452e+01
2.550000000000000000e+02 0.000000000000000000e+00 4.394107519281588736e+01
2.549996375321831863e+02 1.268637358878252667e-04 4.424111019361445329e+01
2.549994087243738079e+02 2.072862827452859455e-04 4.419521383902124967e+01
2.549998844633833812e+02 0.000000000000000000e+00 4.435168779740767775e+01
2.550000000000000000e+02 0.000000000000000000e+00 4.477778230862548980e+01
2.550000000000000000e+02 0.000000000000000000e+00 4.555490877704491481e+01
2.550000000000000000e+02 0.000000000000000000e+00 4.637399316068538013e+01
2.550000000000000000e+02 0.000000000000000000e+00 4.624262916030932047e+01
2.550000000000000000e+02 0.000000000000000000e+00 4.664401242811526771e+01
2.550000000000000000e+02 0.000000000000000000e+00 4.657478334052605362e+01
2.550000000000000000e+02 0.000000000000000000e+00 4.676264701184929606e+01
2.550000000000000000e+02 0.000000000000000000e+00 4.489674084797080411e+01
2.550000000000000000e+02 0.000000000000000000e+00 4.336665318739473207e+01
2.550000000000000000e+02 0.000000000000000000e+00 4.369324915018287925e+01
2.549996590537097916e+02 1.517833982943623693e-04 4.401614227767979770e+01
2.550000000000000000e+02 0.000000000000000000e+00 4.432909812343614675e+01
2.550000000000000000e+02 0.000000000000000000e+00 4.507620206221533721e+01
2.549994982086160746e+02 2.390022167172422554e-04 4.539203386355578829e+01
2.550000000000000000e+02 0.000000000000000000e+00 4.539027023108455694e+01
2.550000000000000000e+02 0.000000000000000000e+00 4.473496806318720331e+01
2.550000000000000000e+02 0.000000000000000000e+00 4.563148123606056572e+01
2.550000000000000000e+02 0.000000000000000000e+00 4.545063131699283332e+01
2.550000000000000000e+02 0.000000000000000000e+00 4.586352633611867446e+01
2.550000000000000000e+02 0.000000000000000000e+00 4.567912763058185988e+01
2.550000000000000000e+02 0.000000000000000000e+00 4.603465758684785669e+01
2.550000000000000000e+02 0.000000000000000000e+00 4.647946336639719789e+01
2.549995786311629331e+02 1.767030607008994989e-04 4.787229239372613421e+01
2.549998867288072404e+02 9.061695420558947621e-06 4.711005089274690505e+01
2.549998187660915789e+02 2.265423855139736905e-05 4.754657768081763436e+01
2.549999229755889303e+02 4.530847710279473810e-06 4.726577952668499449e+01
2.549994608291224836e+02 2.129498423831352894e-04 4.766057607463212520e+01
2.550000000000000000e+02 0.000000000000000000e+00 4.800333583662669668e+01
2.550000000000000000e+02 0.000000000000000000e+00 4.717479897195065774e+01
2.550000000000000000e+02 0.000000000000000000e+00 4.823708453542386820e+01
2.550000000000000000e+02 0.000000000000000000e+00 4.834289115657816893e+01
2.550000000000000000e+02 0.000000000000000000e+00 4.950965806825042392e+01
2.549997258837135234e+02 1.098730569742772484e-04 4.925590001325272738e+01
2.550000000000000000e+02 0.000000000000000000e+00 5.006069863406268894e+01
2.550000000000000000e+02 0.000000000000000000e+00 4.956370768329827570e+01
2.550000000000000000e+02 0.000000000000000000e+00 4.987147797385021164e+01
2.550000000000000000e+02 0.000000000000000000e+00 5.031228188215944641e+01
2.550000000000000000e+02 0.000000000000000000e+00 5.009896730653563424e+01
2.550000000000000000e+02 0.000000000000000000e+00 5.049231285050354501e+01
2.550000000000000000e+02 0.000000000000000000e+00 5.024672391392748949e+01
2.549996114798088342e+02 1.699067891354802645e-04 4.883219439149016239e+01
2.550000000000000000e+02 0.000000000000000000e+00 4.743096064165865045e+01
2.550000000000000000e+02 0.000000000000000000e+00 4.684042127822009860e+01
2.550000000000000000e+02 0.000000000000000000e+00 4.580541481609855481e+01
2.550000000000000000e+02 0.000000000000000000e+00 4.648773103075652813e+01
2.550000000000000000e+02 0.000000000000000000e+00 4.757604404890143712e+01
2.550000000000000000e+02 0.000000000000000000e+00 4.752398574142225840e+01
2.550000000000000000e+02 0.000000000000000000e+00 4.781293942143339848e+01
2.550000000000000000e+02 0.000000000000000000e+00 4.845754199246293581e+01
2.550000000000000000e+02 0.000000000000000000e+00 4.805681003401534213e+01
2.550000000000000000e+02 0.000000000000000000e+00 4.749452616961001894e+01
2.549994438384435682e+02 3.092303562265740825e-04 4.761558022602133633e+01
2.550000000000000000e+02 0.000000000000000000e+00 4.731654201171903651e+01
2.550000000000000000e+02 0.000000000000000000e+00 4.829985489960208156e+01
2.550000000000000000e+02 0.000000000000000000e+00 4.853775385490186522e+01
2.549996363994712567e+02 1.551815340770719865e-04 4.924228255045948544e+01
2.550000000000000000e+02 0.000000000000000000e+00 4.814330618222842872e+01
2.550000000000000000e+02 0.000000000000000000e+00 4.867903474820380438e+01
2.550000000000000000e+02 0.000000000000000000e+00 4.882479778260312742e+01
2.550000000000000000e+02 0.000000000000000000e+00 4.854594336213819616e+01
2.549997836520218470e+02 7.928983492989080185e-05 4.893190928789799443e+01
2.550000000000000000e+02 0.000000000000000000e+00 4.904104041855971019e+01
2.550000000000000000e+02 0.000000000000000000e+00 4.942224102524021845e+01
2.550000000000000000e+02 0.000000000000000000e+00 4.945114217007216695e+01
2.550000000000000000e+02 0.000000000000000000e+00 4.937833597821568077e+01
2.550000000000000000e+02 0.000000000000000000e+00 4.989092437222273446e+01
2.550000000000000000e+02 0.000000000000000000e+00 5.009406719473696512e+01
2.550000000000000000e+02 0.000000000000000000e+00 5.076985559055635377e+01
2.550000000000000000e+02 0.000000000000000000e+00 5.008159716912634707e+01
2.549997054948988193e+02 1.042094973364279044e-04 4.991602640124960999e+01
2.549999229755889303e+02 4.530847710279473810e-06 5.053168251897009355e+01
2.550000000000000000e+02 0.000000000000000000e+00 5.056094839704271493e+01
2.550000000000000000e+02 0.000000000000000000e+00 5.064783193273503770e+01
2.550000000000000000e+02 0.000000000000000000e+00 4.957934590417030307e+01
2.550000000000000000e+02 0.000000000000000000e+00 4.814311815204845146e+01
2.549997621304952133e+02 7.475898721961132126e-05 4.659526843573615196e+01
2.549999252410127895e+02 0.000000000000000000e+00 4.660240452087984409e+01
2.549995741003152432e+02 1.676413652803405378e-04 4.640942099164398371e+01
2.549998821979595220e+02 1.359254313083842143e-05 4.681624580754997567e+01
2.549998957905026771e+02 1.812339084111789524e-05 4.769122386125638258e+01
2.549998957905026771e+02 2.265423855139736905e-05 4.681873211023099657e+01
2.550000000000000000e+02 0.000000000000000000e+00 4.713982196033922634e+01
2.550000000000000000e+02 0.000000000000000000e+00 4.687052536311912831e+01
2.550000000000000000e+02 0.000000000000000000e+00 4.676317259018369299e+01
2.550000000000000000e+02 0.000000000000000000e+00 4.615013983328746150e+01
2.550000000000000000e+02 0.000000000000000000e+00 4.615429122250200322e+01
2.550000000000000000e+02 0.000000000000000000e+00 4.636728070980259986e+01
2.550000000000000000e+02 0.000000000000000000e+00 4.591169604355050637e+01
2.550000000000000000e+02 0.000000000000000000e+00 4.647260819381153851e+01
2.549995378535335533e+02 2.186134020209846334e-04 4.725691039229212009e+01
2.550000000000000000e+02 0.000000000000000000e+00 4.771513314462352895e+01
2.549994914123445255e+02 2.118171304555653989e-04 4.744910895216217739e+01
2.549994812179371593e+02 2.061535708177160550e-04 4.710445756124856587e+01
2.549999207101650711e+02 0.000000000000000000e+00 4.664973828690913393e+01
2.549999207101650711e+02 1.132711927569868453e-05 4.719715190912931746e+01
2.549996601864217212e+02 1.268637358878252667e-04 4.746175114998578692e+01
2.549997825193099175e+02 5.437017252335368572e-05 4.699010462860074711e+01
2.549997825193099175e+02 5.890102023363315954e-05 4.807939517713915478e+01
2.549999637532183101e+02 0.000000000000000000e+00 4.844674838050512022e+01
2.549999637532183101e+02 0.000000000000000000e+00 4.831465491364770770e+01
2.549999637532183101e+02 0.000000000000000000e+00 4.875273238434728285e+01
2.550000000000000000e+02 0.000000000000000000e+00 5.053948803686297708e+01
2.550000000000000000e+02 0.000000000000000000e+00 5.062953636968092752e+01
2.550000000000000000e+02 0.000000000000000000e+00 5.015922078481078472e+01
2.550000000000000000e+02 0.000000000000000000e+00 5.038557174200899880e+01
2.550000000000000000e+02 0.000000000000000000e+00 5.101853909611853766e+01
2.550000000000000000e+02 0.000000000000000000e+00 4.972698017867397624e+01
2.550000000000000000e+02 0.000000000000000000e+00 4.889997474052401571e+01
2.550000000000000000e+02 0.000000000000000000e+00 4.725988149567813679e+01
2.550000000000000000e+02 0.000000000000000000e+00 4.621895434831118621e+01
2.549994596964105540e+02 2.911069653854562143e-04 4.621071500175003877e+01
2.550000000000000000e+02 0.000000000000000000e+00 4.632643625040635982e+01
2.550000000000000000e+02 0.000000000000000000e+00 4.664307567535117016e+01
2.549996262050638904e+02 1.472525505840829158e-04 4.683553702438842237e+01
2.549996375321831863e+02 1.223328881775457861e-04 4.689922941607567708e+01
2.549998867288072404e+02 0.000000000000000000e+00 4.748169027804679843e+01
2.549998867288072404e+02 9.061695420558947621e-06 4.714660010851380179e+01
2.549999456298274652e+02 0.000000000000000000e+00 4.783622797866424037e+01
2.549999909383045917e+02 0.000000000000000000e+00 4.629672634925812957e+01
2.550000000000000000e+02 0.000000000000000000e+00 4.634611825285981723e+01
2.549993917336948925e+02 2.945051011681658316e-04 4.674448057795493128e+01
2.550000000000000000e+02 0.000000000000000000e+00 4.691395580384600805e+01
2.550000000000000000e+02 0.000000000000000000e+00 4.703020489626057810e+01
2.550000000000000000e+02 0.000000000000000000e+00 4.749518314252800621e+01
2.550000000000000000e+02 0.000000000000000000e+00 4.815178566371821489e+01
2.550000000000000000e+02 0.000000000000000000e+00 4.897125063856634597e+01
2.550000000000000000e+02 0.000000000000000000e+00 4.823783778885569973e+01
2.550000000000000000e+02 0.000000000000000000e+00 4.870821000932222233e+01
2.550000000000000000e+02 0.000000000000000000e+00 4.814933220968310223e+01
2.550000000000000000e+02 0.000000000000000000e+00 4.902186134020210062e+01
2.550000000000000000e+02 0.000000000000000000e+00 4.863018881175120356e+01
2.550000000000000000e+02 0.000000000000000000e+00 4.971528379530989383e+01
2.549995831620106514e+02 1.721722129906200183e-04 4.921321036612647504e+01
2.549999275064366486e+02 0.000000000000000000e+00 4.995686179895042756e+01
2.549999275064366486e+02 0.000000000000000000e+00 5.013086107628021892e+01
2.549999275064366486e+02 0.000000000000000000e+00 5.058574685927300152e+01
2.549999546915229018e+02 0.000000000000000000e+00 5.097267898830701682e+01
2.549999546915229018e+02 0.000000000000000000e+00 5.115837125086510895e+01
2.549999546915229018e+02 0.000000000000000000e+00 5.174362991129732592e+01
2.550000000000000000e+02 0.000000000000000000e+00 5.201835672949819411e+01
2.550000000000000000e+02 0.000000000000000000e+00 5.219995537115005391e+01
2.550000000000000000e+02 0.000000000000000000e+00 5.036720821623923428e+01
2.550000000000000000e+02 0.000000000000000000e+00 4.827467584616412921e+01
2.550000000000000000e+02 0.000000000000000000e+00 4.788160102034690624e+01
2.550000000000000000e+02 0.000000000000000000e+00 4.742572524712942794e+01
2.550000000000000000e+02 0.000000000000000000e+00 4.772281406420437833e+01
2.550000000000000000e+02 0.000000000000000000e+00 4.882548307331931170e+01
2.550000000000000000e+02 0.000000000000000000e+00 4.885032344589091480e+01
2.550000000000000000e+02 0.000000000000000000e+00 4.939068027280234219e+01
2.549996194087923413e+02 1.449871267289431619e-04 4.939099743214205773e+01
2.549999546915229018e+02 0.000000000000000000e+00 4.905275945616234878e+01
2.550000000000000000e+02 0.000000000000000000e+00 4.720314961878580107e+01
2.550000000000000000e+02 0.000000000000000000e+00 4.815105393181300997e+01
2.550000000000000000e+02 0.000000000000000000e+00 4.755654214764447119e+01
2.550000000000000000e+02 0.000000000000000000e+00 4.823103585373064561e+01
2.550000000000000000e+02 0.000000000000000000e+00 4.820684225966967773e+01
2.550000000000000000e+02 0.000000000000000000e+00 4.840007725095345847e+01
2.550000000000000000e+02 0.000000000000000000e+00 4.930321678860310897e+01
2.550000000000000000e+02 0.000000000000000000e+00 4.946076115976109122e+01
2.550000000000000000e+02 0.000000000000000000e+00 4.911379903651523193e+01
2.550000000000000000e+02 0.000000000000000000e+00 5.008650747533236824e+01
2.550000000000000000e+02 0.000000000000000000e+00 5.009889481297226865e+01
