2.550000000000000000e+02 0.000000000000000000e+00 7.460672038088262070e+01
2.550000000000000000e+02 0.000000000000000000e+00 6.512987809663326289e+01
2.550000000000000000e+02 0.000000000000000000e+00 3.502203808826222087e+01
2.550000000000000000e+02 0.000000000000000000e+00 3.392823658670572939e+01
2.550000000000000000e+02 0.000000000000000000e+00 3.319922960211368945e+01
2.549997697962173220e+02 6.932273000758626587e-05 3.351382269076830767e+01
2.549998221152588371e+02 3.531535302273262498e-05 3.324911711617443189e+01
2.550000000000000000e+02 0.000000000000000000e+00 3.313235409527297293e+01
2.550000000000000000e+02 0.000000000000000000e+00 3.251016428179035955e+01
2.549999555288147235e+02 1.046380830303188807e-05 3.341702984801318621e+01
2.549997828759777008e+02 9.025034661365003861e-05 3.241365003793130484e+01
2.550000000000000000e+02 0.000000000000000000e+00 3.196037094200434225e+01
2.550000000000000000e+02 0.000000000000000000e+00 3.269637298244695955e+01
2.550000000000000000e+02 0.000000000000000000e+00 3.268275041201245301e+01
2.550000000000000000e+02 0.000000000000000000e+00 3.264539854029874277e+01
2.550000000000000000e+02 0.000000000000000000e+00 3.180435556020613674e+01
2.549996481544458220e+02 1.281816517121406318e-04 3.175680278337300777e+01
2.550000000000000000e+02 0.000000000000000000e+00 3.207178041698276161e+01
2.550000000000000000e+02 0.000000000000000000e+00 3.199745991053443817e+01
2.550000000000000000e+02 0.000000000000000000e+00 3.131051612734454537e+01
2.550000000000000000e+02 0.000000000000000000e+00 3.176589583278834183e+01
2.550000000000000000e+02 0.000000000000000000e+00 3.190153163994035523e+01
2.550000000000000000e+02 0.000000000000000000e+00 3.208374708975331657e+01
2.550000000000000000e+02 0.000000000000000000e+00 3.136819917859104834e+01
2.550000000000000000e+02 0.000000000000000000e+00 3.133156669369817138e+01
2.549997070133675265e+02 1.046380830303188909e-04 3.149136212624584630e+01
2.550000000000000000e+02 0.000000000000000000e+00 3.184206843330630221e+01
2.550000000000000000e+02 0.000000000000000000e+00 3.142020822978523142e+01
2.550000000000000000e+02 0.000000000000000000e+00 3.253853297407591327e+01
2.549997854919297993e+02 5.493499359091741363e-05 3.170047217934967421e+01
2.549994676537525891e+02 2.249718785151855909e-04 3.171000209276165904e+01
2.549999659926230038e+02 0.000000000000000000e+00 3.242681089282444162e+01
2.549999659926230038e+02 0.000000000000000000e+00 3.287351348523294803e+01
2.550000000000000000e+02 0.000000000000000000e+00 3.246302744133727458e+01
2.550000000000000000e+02 0.000000000000000000e+00 3.330903026656551447e+01
2.550000000000000000e+02 0.000000000000000000e+00 3.342495879875480824e+01
2.550000000000000000e+02 0.000000000000000000e+00 3.426461270829518213e+01
2.549995317445784337e+02 2.315117587045805250e-04 3.450612394380934944e+01
2.550000000000000000e+02 0.000000000000000000e+00 3.351264551233421685e+01
2.550000000000000000e+02 0.000000000000000000e+00 3.415846260496507369e+01
2.550000000000000000e+02 0.000000000000000000e+00 3.421525492452978057e+01
2.550000000000000000e+02 0.000000000000000000e+00 3.440436994794255554e+01
2.550000000000000000e+02 0.000000000000000000e+00 3.534202657807308867e+01
2.550000000000000000e+02 0.000000000000000000e+00 3.539640306589583219e+01
2.550000000000000000e+02 0.000000000000000000e+00 3.516406859026342602e+01
2.550000000000000000e+02 0.000000000000000000e+00 3.520054542600779257e+01
2.550000000000000000e+02 0.000000000000000000e+00 3.347824574253800023e+01
2.550000000000000000e+02 0.000000000000000000e+00 3.174908964867763572e+01
2.549998901300128296e+02 0.000000000000000000e+00 3.060436994794255483e+01
2.549999372171501761e+02 0.000000000000000000e+00 3.129335155779946120e+01
2.550000000000000000e+02 0.000000000000000000e+00 3.104722970675177152e+01
2.549998848981086610e+02 5.231904151515944034e-06 3.103305124650116298e+01
2.549995435163627917e+02 1.556491485075993386e-04 3.130495330525544873e+01
2.549998848981086610e+02 2.615952075757972271e-05 3.116506134407617523e+01
2.549998848981086610e+02 2.092761660606377614e-05 3.086953462212572319e+01
2.549998848981086610e+02 2.615952075757972271e-05 3.042830590943573910e+01
2.549999372171501761e+02 0.000000000000000000e+00 3.052567426164752717e+01
2.549999372171501761e+02 0.000000000000000000e+00 3.112090014910926783e+01
2.549999372171501761e+02 0.000000000000000000e+00 3.111182802731054053e+01
2.550000000000000000e+02 0.000000000000000000e+00 3.147166139116331252e+01
2.549995762157637387e+02 1.569571245454783363e-04 3.186734507023831497e+01
2.550000000000000000e+02 0.000000000000000000e+00 3.183016323540952897e+01
2.550000000000000000e+02 0.000000000000000000e+00 3.312500719386820691e+01
2.550000000000000000e+02 0.000000000000000000e+00 3.381783294530044515e+01
2.550000000000000000e+02 0.000000000000000000e+00 3.384319983257906728e+01
2.550000000000000000e+02 0.000000000000000000e+00 3.355953645329217494e+01
2.550000000000000000e+02 0.000000000000000000e+00 3.371468726292934548e+01
2.550000000000000000e+02 0.000000000000000000e+00 3.426557668663510015e+01
2.550000000000000000e+02 0.000000000000000000e+00 3.506185026290318518e+01
2.550000000000000000e+02 0.000000000000000000e+00 3.481233552201323533e+01
2.550000000000000000e+02 0.000000000000000000e+00 3.444790985429146701e+01
2.550000000000000000e+02 0.000000000000000000e+00 3.479177806262589456e+01
2.550000000000000000e+02 0.000000000000000000e+00 3.596866743401260891e+01
2.550000000000000000e+02 0.000000000000000000e+00 3.611523138096109875e+01
2.549999529128626250e+02 0.000000000000000000e+00 3.726431841368665943e+01
2.549999895361916913e+02 0.000000000000000000e+00 3.689207889711460808e+01
2.549999790723833826e+02 0.000000000000000000e+00 3.629023334292515557e+01
2.549999816883354811e+02 0.000000000000000000e+00 3.677293928375232213e+01
2.549999816883354811e+02 0.000000000000000000e+00 3.658811049781567704e+01
2.550000000000000000e+02 0.000000000000000000e+00 3.775485913098071933e+01
2.550000000000000000e+02 0.000000000000000000e+00 3.789044131111518254e+01
2.550000000000000000e+02 0.000000000000000000e+00 3.796545504486357459e+01
2.550000000000000000e+02 0.000000000000000000e+00 3.741091767598817341e+01
2.550000000000000000e+02 0.000000000000000000e+00 3.516876160828733333e+01
2.549996416145656326e+02 1.530331964318413704e-04 3.483384518795615747e+01
2.550000000000000000e+02 0.000000000000000000e+00 3.474771758181390169e+01
2.550000000000000000e+02 0.000000000000000000e+00 3.478262092238470160e+01
2.550000000000000000e+02 0.000000000000000000e+00 3.478470191226097086e+01
2.550000000000000000e+02 0.000000000000000000e+00 3.431692782588223167e+01
2.549997148612237368e+02 8.632641850001308631e-05 3.516931226619928452e+01
2.549997148612237368e+02 8.632641850001308631e-05 3.498959766657074510e+01
2.550000000000000000e+02 0.000000000000000000e+00 3.423025086980406684e+01
2.550000000000000000e+02 0.000000000000000000e+00 3.367424464383812222e+01
2.549995199727941042e+02 1.922724775682109477e-04 3.374861746932796081e+01
2.550000000000000000e+02 0.000000000000000000e+00 3.377855965678708827e+01
2.550000000000000000e+02 0.000000000000000000e+00 3.323792476521830253e+01
2.549994061788788144e+02 2.511313992727653272e-04 3.298289298140058179e+01
2.549998953619169697e+02 2.615952075757972271e-05 3.273870824286498760e+01
2.549993774034059584e+02 2.380516388939754591e-04 3.384600413320428203e+01
2.549998953619169697e+02 1.569571245454783295e-05 3.424254061265597926e+01
2.549999529128626250e+02 0.000000000000000000e+00 3.464530305804797905e+01
2.549999529128626250e+02 0.000000000000000000e+00 3.578493342401966970e+01
2.549999267533418674e+02 0.000000000000000000e+00 3.643574044523504085e+01
2.550000000000000000e+02 0.000000000000000000e+00 3.562184058388050545e+01
2.549994990451774868e+02 1.896565254924529795e-04 3.554230256101708108e+01
2.550000000000000000e+02 0.000000000000000000e+00 3.584011300912967357e+01
2.550000000000000000e+02 0.000000000000000000e+00 3.674092918617731129e+01
2.550000000000000000e+02 0.000000000000000000e+00 3.734547440290894116e+01
2.550000000000000000e+02 0.000000000000000000e+00 3.675126742878070729e+01
2.549998417348994053e+02 3.008344887121667841e-05 3.654709760117194861e+01
2.549998731263243315e+02 0.000000000000000000e+00 3.766028723153792157e+01
2.549998731263243315e+02 2.485154471970073522e-05 3.753371831428048466e+01
2.550000000000000000e+02 0.000000000000000000e+00 3.851292541920631862e+01
2.550000000000000000e+02 0.000000000000000000e+00 3.824916812723991200e+01
2.550000000000000000e+02 0.000000000000000000e+00 3.889994898893452557e+01
2.549997122452716667e+02 9.417427472728699092e-05 3.875224187092892691e+01
2.549998168833546970e+02 5.231904151515944543e-05 3.852898082507128663e+01
2.549998613545399735e+02 1.831166453030580454e-05 3.685591466764329027e+01
2.549998822821565909e+02 2.354356868182174773e-05 3.612242132524131932e+01
2.549999162895335871e+02 5.231904151515944034e-06 3.435230596175478013e+01
2.550000000000000000e+02 0.000000000000000000e+00 3.560321762105318300e+01
2.549991066523661232e+02 4.002406675909697589e-04 3.484349805111570220e+01
2.549997488686007330e+02 6.801475396970726821e-05 3.600872550814869300e+01
2.549997488686007330e+02 7.847856227273916814e-05 3.644487404190755342e+01
2.549997750281214905e+02 6.278284981819133180e-05 3.625220917152797995e+01
2.549997750281214905e+02 5.231904151515944543e-05 3.657115258848457984e+01
2.550000000000000000e+02 0.000000000000000000e+00 3.601519214167996097e+01
2.550000000000000000e+02 0.000000000000000000e+00 3.585143092578543644e+01
2.550000000000000000e+02 0.000000000000000000e+00 3.574189054856515213e+01
2.550000000000000000e+02 0.000000000000000000e+00 3.648580715201297409e+01
2.549997227090799754e+02 9.940617887880294089e-05 3.664127972375545994e+01
2.549998221152588371e+02 5.231904151515944543e-05 3.743604781960394234e+01
2.549998587385879034e+02 2.615952075757972271e-05 3.715183378240510592e+01
2.549998587385879034e+02 0.000000000000000000e+00 3.731352839615978212e+01
2.549999529128626250e+02 0.000000000000000000e+00 3.686957647735893318e+01
2.549998796662045208e+02 5.231904151515944034e-06 3.565349098804509964e+01
2.549998796662045208e+02 5.231904151515944034e-06 3.477652967797629913e+01
2.549999319852460360e+02 0.000000000000000000e+00 3.498628848719491202e+01
2.549999529128626250e+02 0.000000000000000000e+00 3.492614905694927785e+01
2.549999790723833826e+02 0.000000000000000000e+00 3.498358228477254528e+01
2.549999895361916913e+02 0.000000000000000000e+00 3.535629398069427509e+01
2.550000000000000000e+02 0.000000000000000000e+00 3.488708504460198156e+01
2.549996311507573239e+02 9.155832265152902272e-05 3.435127920056504536e+01
2.549998639704920720e+02 0.000000000000000000e+00 3.371484552802992596e+01
2.549996494624218428e+02 8.109451434849713634e-05 3.455177361550736492e+01
2.549998770502524508e+02 0.000000000000000000e+00 3.452951186334266254e+01
2.549999751484552917e+02 0.000000000000000000e+00 3.483219583017238818e+01
2.549994898893452273e+02 2.485154471970073319e-04 3.368532320087896181e+01
2.550000000000000000e+02 0.000000000000000000e+00 3.243272294451565330e+01
2.550000000000000000e+02 0.000000000000000000e+00 3.149837156983284103e+01
2.550000000000000000e+02 0.000000000000000000e+00 3.190111701153634982e+01
2.550000000000000000e+02 0.000000000000000000e+00 3.231913961336228169e+01
2.550000000000000000e+02 0.000000000000000000e+00 3.140913882857666195e+01
2.550000000000000000e+02 0.000000000000000000e+00 3.255219478379156328e+01
2.549998587385879034e+02 1.569571245454783295e-05 3.183389358306955685e+01
2.549998587385879034e+02 1.046380830303188807e-05 3.129685170167682529e+01
2.549994571899442803e+02 2.877547283333769363e-04 3.114868156015381828e+01
2.549999895361916913e+02 0.000000000000000000e+00 3.063287205378397360e+01
2.549999895361916913e+02 0.000000000000000000e+00 3.110013733748397868e+01
2.550000000000000000e+02 0.000000000000000000e+00 3.095599314620556086e+01
2.549996703900384603e+02 9.417427472728699092e-05 3.148923797316033202e+01
2.549998495827556440e+02 1.438773641666884715e-05 3.152303738195516303e+01
2.549999202134616780e+02 3.923928113636958237e-06 3.631422554738797004e+01
2.549999202134616780e+02 0.000000000000000000e+00 3.596904805503962876e+01
2.549999202134616780e+02 3.923928113636958237e-06 3.727409553456980973e+01
2.549999568367907443e+02 0.000000000000000000e+00 3.708357705286839234e+01
2.549999777644073617e+02 0.000000000000000000e+00 3.727176733722237856e+01
2.550000000000000000e+02 0.000000000000000000e+00 3.760767389541423711e+01
2.550000000000000000e+02 0.000000000000000000e+00 3.740023281973473956e+01
2.549995788317158087e+02 1.595730766212363045e-04 3.697042927773563292e+01
2.549998535066837633e+02 2.615952075757972271e-05 3.700928008998874930e+01
2.549997541005048731e+02 3.139142490909566590e-05 3.752203808826222087e+01
2.549998535066837633e+02 1.569571245454783295e-05 3.793696732675857675e+01
2.549999633766709337e+02 0.000000000000000000e+00 3.811177832422109901e+01
2.549999843042875511e+02 0.000000000000000000e+00 3.886016689774243105e+01
2.549999843042875511e+02 0.000000000000000000e+00 3.833571820964240118e+01
2.550000000000000000e+02 0.000000000000000000e+00 3.738890836319878730e+01
2.550000000000000000e+02 0.000000000000000000e+00 3.744426060114578547e+01
2.550000000000000000e+02 0.000000000000000000e+00 3.647394642530149156e+01
2.550000000000000000e+02 0.000000000000000000e+00 3.609086509535145382e+01
2.550000000000000000e+02 0.000000000000000000e+00 3.568556256049389219e+01
2.549997279409841155e+02 7.847856227273916814e-05 3.471605017396081649e+01
2.549997802600256307e+02 6.801475396970726821e-05 3.505150417244355765e+01
2.549998325790671458e+02 1.569571245454783295e-05 3.601383315457660927e+01
2.549997174771758068e+02 6.801475396970726821e-05 3.577482538519894462e+01
2.549998796662045208e+02 1.046380830303188807e-05 3.573463520548303762e+01
2.549998796662045208e+02 5.231904151515944034e-06 3.574509508985795492e+01
2.549998796662045208e+02 0.000000000000000000e+00 3.598454887906453337e+01
2.549998796662045208e+02 5.231904151515944034e-06 3.664657310278075641e+01
2.549991707431919963e+02 3.636173385303581498e-04 3.577230491537395096e+01
2.549998796662045208e+02 2.092761660606377614e-05 3.491897219242943606e+01
2.549999529128626250e+02 0.000000000000000000e+00 3.595829779998430098e+01
2.550000000000000000e+02 0.000000000000000000e+00 3.626748763962644517e+01
2.550000000000000000e+02 0.000000000000000000e+00 3.602963219713814880e+01
2.550000000000000000e+02 0.000000000000000000e+00 3.670263426374028626e+01
2.550000000000000000e+02 0.000000000000000000e+00 3.644410756794935224e+01
2.549997724121694205e+02 6.016689774243335682e-05 3.656719334501791963e+01
2.549998064195463883e+02 3.139142490909566590e-05 3.746709786276715448e+01
2.549997697962173220e+02 6.278284981819133180e-05 3.748848327098647815e+01
2.549998639704920720e+02 2.615952075757972271e-05 3.828661417322834382e+01
2.549999424490543447e+02 0.000000000000000000e+00 3.734217830329348686e+01
2.549999424490543447e+02 0.000000000000000000e+00 3.663800062782849665e+01
2.549999424490543447e+02 0.000000000000000000e+00 3.769825777591754701e+01
2.549999581447667936e+02 0.000000000000000000e+00 3.831567216888586813e+01
2.549999790723833826e+02 0.000000000000000000e+00 3.722151751379914941e+01
2.549999790723833826e+02 0.000000000000000000e+00 3.739621471734637481e+01
2.549999790723833826e+02 0.000000000000000000e+00 3.673441677348471046e+01
2.550000000000000000e+02 0.000000000000000000e+00 3.609876396264420606e+01
2.550000000000000000e+02 0.000000000000000000e+00 3.571369843304470493e+01
2.550000000000000000e+02 0.000000000000000000e+00 3.505438433567896794e+01
2.549995134329139148e+02 2.236639024773066204e-04 3.434418212258351133e+01
2.550000000000000000e+02 0.000000000000000000e+00 3.409552802992649134e+01
2.550000000000000000e+02 0.000000000000000000e+00 3.465245768697517548e+01
2.549997017814633580e+02 9.940617887880294089e-05 3.401415753263400177e+01
2.549999241373897974e+02 0.000000000000000000e+00 3.441033039474717015e+01
2.550000000000000000e+02 0.000000000000000000e+00 3.494500091558322907e+01
2.549995709838595701e+02 1.674209328485102091e-04 3.481891071755565292e+01
2.549998587385879034e+02 1.569571245454783295e-05 3.403534543647160149e+01
2.549996520783739129e+02 5.755094566667538861e-05 3.519401600962670074e+01
2.549996520783739129e+02 9.679022680304497268e-05 3.373814712114474190e+01
2.549998194993067671e+02 0.000000000000000000e+00 3.486327726476051225e+01
2.550000000000000000e+02 0.000000000000000000e+00 3.541263112459779450e+01
2.550000000000000000e+02 0.000000000000000000e+00 3.579151908337039600e+01
2.549997279409841155e+02 9.417427472728699092e-05 3.627393203756507489e+01
2.549998718183482822e+02 2.354356868182174773e-05 3.651524969262563047e+01
2.549998718183482822e+02 0.000000000000000000e+00 3.628090747377508052e+01
2.549999712245271724e+02 0.000000000000000000e+00 3.638017108326575766e+01
2.549995212807701250e+02 1.831166453030580454e-04 3.646948361106024805e+01
2.549995409004106932e+02 1.307976037878986000e-04 3.658905878044313909e+01
2.549998992858450890e+02 3.923928113636958237e-06 3.609196510319930695e+01
2.549999110576294186e+02 7.847856227273916475e-06 3.520630313652653598e+01
2.550000000000000000e+02 0.000000000000000000e+00 3.611893295314829544e+01
2.550000000000000000e+02 0.000000000000000000e+00 3.597127815418421193e+01
2.550000000000000000e+02 0.000000000000000000e+00 3.601334135558636262e+01
2.550000000000000000e+02 0.000000000000000000e+00 3.586042326104585953e+01
2.550000000000000000e+02 0.000000000000000000e+00 3.637050906427393926e+01
2.550000000000000000e+02 0.000000000000000000e+00 3.624824731210924256e+01
2.550000000000000000e+02 0.000000000000000000e+00 3.516031862296282640e+01
2.550000000000000000e+02 0.000000000000000000e+00 3.390106469249483467e+01
2.549994571899442803e+02 2.262798545530645886e-04 3.468633165040416344e+01
2.550000000000000000e+02 0.000000000000000000e+00 3.363452795144792873e+01
2.550000000000000000e+02 0.000000000000000000e+00 3.481130483689538835e+01
2.550000000000000000e+02 0.000000000000000000e+00 3.346463232793575315e+01
2.550000000000000000e+02 0.000000000000000000e+00 3.364386559238234753e+01
2.550000000000000000e+02 0.000000000000000000e+00 3.257106364611400551e+01
2.550000000000000000e+02 0.000000000000000000e+00 3.333170795511026085e+01
2.550000000000000000e+02 0.000000000000000000e+00 3.373185706437858045e+01
2.550000000000000000e+02 0.000000000000000000e+00 3.438753106443090246e+01
2.550000000000000000e+02 0.000000000000000000e+00 3.346748763962644091e+01
2.550000000000000000e+02 0.000000000000000000e+00 3.275659350720695073e+01
2.550000000000000000e+02 0.000000000000000000e+00 3.276012504250922319e+01
2.550000000000000000e+02 0.000000000000000000e+00 3.307682135663274892e+01
2.549993904831663372e+02 2.629031836136761706e-04 3.444773589347843057e+01
2.550000000000000000e+02 0.000000000000000000e+00 3.443942108980563432e+01
2.550000000000000000e+02 0.000000000000000000e+00 3.436870798126978599e+01
2.550000000000000000e+02 0.000000000000000000e+00 3.429548094278912629e+01
2.549993486279331307e+02 2.615952075757972000e-04 3.396110340858555787e+01
2.549999110576294186e+02 0.000000000000000000e+00 3.388144243597457006e+01
2.549999581447667936e+02 5.231904151515944034e-06 3.418267847333036968e+01
2.549999529128626250e+02 0.000000000000000000e+00 3.337761791403981704e+01
2.549999738404792424e+02 0.000000000000000000e+00 3.400675438825960839e+01
2.549999738404792424e+02 0.000000000000000000e+00 3.377521385408219601e+01
2.549999738404792424e+02 0.000000000000000000e+00 3.352191775446674171e+01
2.549995500562429811e+02 1.778847411515421090e-04 3.425609255238443751e+01
2.549997933397860095e+02 4.185523321212755227e-05 3.353494257985193627e+01
2.549995709838595701e+02 1.621890286969942727e-04 3.450910612917571285e+01
2.549998404269233845e+02 1.046380830303188807e-05 3.427157506474481607e+01
2.549998927459648996e+02 2.615952075757972271e-05 3.327256781855756174e+01
2.549999202134616780e+02 1.569571245454783295e-05 3.363102780757056820e+01
2.549995919114761875e+02 1.569571245454783363e-04 3.309678630287493206e+01
2.550000000000000000e+02 0.000000000000000000e+00 3.214438355089334465e+01
2.550000000000000000e+02 0.000000000000000000e+00 3.215147147304261210e+01
2.550000000000000000e+02 0.000000000000000000e+00 3.254690532869437902e+01
2.550000000000000000e+02 0.000000000000000000e+00 3.290838020247468876e+01
2.549996389986135341e+02 1.307976037878986000e-04 3.251817432704633148e+01
2.549998011876422481e+02 5.231904151515944543e-05 3.260048002720590432e+01
2.549998744343003523e+02 3.139142490909566590e-05 3.172112642896382084e+01
2.549998744343003523e+02 1.569571245454783295e-05 3.212202631647788564e+01
2.550000000000000000e+02 0.000000000000000000e+00 3.205135506317524374e+01
2.550000000000000000e+02 0.000000000000000000e+00 3.197791482460041479e+01
2.550000000000000000e+02 0.000000000000000000e+00 3.158461166191435510e+01
2.550000000000000000e+02 0.000000000000000000e+00 3.184259685562560449e+01
2.550000000000000000e+02 0.000000000000000000e+00 3.262923849635074447e+01
2.550000000000000000e+02 0.000000000000000000e+00 3.242871792188767444e+01
2.550000000000000000e+02 0.000000000000000000e+00 3.328572736547466349e+01
2.550000000000000000e+02 0.000000000000000000e+00 3.309608653569466696e+01
2.550000000000000000e+02 0.000000000000000000e+00 3.325166636147226029e+01
2.550000000000000000e+02 0.000000000000000000e+00 3.276053443900907780e+01
2.550000000000000000e+02 0.000000000000000000e+00 3.259810474272111236e+01
2.549997227090799754e+02 9.417427472728699092e-05 3.268896199021634175e+01
2.549999215214377273e+02 5.231904151515944034e-06 3.240424307426687989e+01
2.549999162895335871e+02 1.569571245454783295e-05 3.273880764904387064e+01
2.549999162895335871e+02 0.000000000000000000e+00 3.236054751876945801e+01
2.549999319852460360e+02 0.000000000000000000e+00 3.266240092081513069e+01
2.549999372171501761e+02 0.000000000000000000e+00 3.264020718340439942e+01
2.549999346011981061e+02 1.307976037878986136e-05 3.262141025976404052e+01
2.549999346011981061e+02 7.847856227273916475e-06 3.361753472676380738e+01
2.549999346011981061e+02 2.615952075757972017e-06 3.328350249823423468e+01
2.549999346011981061e+02 2.615952075757972017e-06 3.256716064561697266e+01
2.549993813273340777e+02 2.275878305909435862e-04 3.180466424255107682e+01
2.549993590917414394e+02 3.256860334318675159e-04 3.166906636670416120e+01
2.550000000000000000e+02 0.000000000000000000e+00 3.139013393674627750e+01
2.549996533863499621e+02 1.399534360530515023e-04 3.129381065738875733e+01
2.549997004734873371e+02 1.294896277500196295e-04 3.150581264551233573e+01
2.549997972637141288e+02 8.501844246213408865e-05 3.240598006644518136e+01
2.549996036832605171e+02 1.425693881288094705e-04 3.132378816020090539e+01
2.549997122452716667e+02 3.400737698485363411e-05 3.180295994977371876e+01
2.550000000000000000e+02 0.000000000000000000e+00 3.134617155413712908e+01
2.550000000000000000e+02 0.000000000000000000e+00 3.134304549140659901e+01
2.550000000000000000e+02 0.000000000000000000e+00 3.239671698014492307e+01
2.550000000000000000e+02 0.000000000000000000e+00 3.117123106704685043e+01
2.550000000000000000e+02 0.000000000000000000e+00 3.138745258586862619e+01
2.549995683679075000e+02 1.648049807727522409e-04 3.162663693201140447e+01
2.549997541005048731e+02 6.016689774243335682e-05 3.107448661940513190e+01
2.549997541005048731e+02 6.539880189394930001e-05 3.129554503361498519e+01
2.549998456588275246e+02 3.662332906061160909e-05 3.168124100766473816e+01
2.549998430428754546e+02 3.139142490909566590e-05 3.202397912470243568e+01
2.549998692023962121e+02 1.046380830303188807e-05 3.205185078609359550e+01
2.549999110576294186e+02 0.000000000000000000e+00 3.193624793993773991e+01
2.549999110576294186e+02 1.569571245454783295e-05 3.194216653150914098e+01
2.549992439898501004e+02 3.034504407879247455e-04 3.125546995579041010e+01
2.549995003531535360e+02 2.066602139848797864e-04 3.165287362335521948e+01
2.549999686085751023e+02 0.000000000000000000e+00 3.300321762105318157e+01
2.549993774034059584e+02 2.537473513485232683e-04 3.267354356868182208e+01
2.550000000000000000e+02 0.000000000000000000e+00 3.392448923535720695e+01
2.550000000000000000e+02 0.000000000000000000e+00 3.289257985193711420e+01
2.550000000000000000e+02 0.000000000000000000e+00 3.332014544693541325e+01
2.550000000000000000e+02 0.000000000000000000e+00 3.311076202683966585e+01
2.550000000000000000e+02 0.000000000000000000e+00 3.333618908101603751e+01
2.550000000000000000e+02 0.000000000000000000e+00 3.253862060847045257e+01
2.550000000000000000e+02 0.000000000000000000e+00 3.183542653098595210e+01
2.549996076071886364e+02 1.621890286969942727e-04 3.150280822455332697e+01
2.549999843042875511e+02 0.000000000000000000e+00 3.167516807492086883e+01
2.549999843042875511e+02 0.000000000000000000e+00 3.083435268265885298e+01
2.549996586182541023e+02 9.286629868940800682e-05 3.092526617312370973e+01
2.549996847777748599e+02 5.231904151515944543e-05 3.201639547963481647e+01
2.549999045177492292e+02 3.923928113636958237e-06 3.208679728987365110e+01
2.549995971433803277e+02 1.242577235985036659e-04 3.166787087660554079e+01
2.549997279409841155e+02 9.417427472728699092e-05 3.053935569100374181e+01
2.550000000000000000e+02 0.000000000000000000e+00 3.060498600465639640e+01
2.549997227090799754e+02 9.940617887880294089e-05 3.117043974154393382e+01
2.549997645643131818e+02 7.847856227273916814e-05 3.142678865723179982e+01
2.549998299631150758e+02 2.746749679545870682e-05 3.058648599157663384e+01
2.549998495827556440e+02 2.223559264394276363e-05 3.114423051769691497e+01
2.549998495827556440e+02 2.746749679545870682e-05 3.164364323645590815e+01
2.549999790723833826e+02 0.000000000000000000e+00 3.171052659115284911e+01
2.550000000000000000e+02 0.000000000000000000e+00 3.174330839459021192e+01
2.550000000000000000e+02 0.000000000000000000e+00 3.308623486017736326e+01
2.549995082010097462e+02 1.778847411515421090e-04 3.324951604886598489e+01
2.549998404269233845e+02 0.000000000000000000e+00 3.247276793889135860e+01
2.549999699165511231e+02 0.000000000000000000e+00 3.279970962931959377e+01
2.549999738404792424e+02 0.000000000000000000e+00 3.196733853035812345e+01
2.549999777644073617e+02 0.000000000000000000e+00 3.250935595259894484e+01
2.549995003531535360e+02 1.752687890757841408e-04 3.290129228032542130e+01
2.549995055850576762e+02 1.674209328485102091e-04 3.399233526041803088e+01
2.549995055850576762e+02 1.621890286969942727e-04 3.327646820310251741e+01
2.549998639704920720e+02 2.615952075757972271e-05 3.348877494964292367e+01
2.549991380437910493e+02 3.296099615455044818e-04 3.335461453946163601e+01
2.550000000000000000e+02 0.000000000000000000e+00 3.334878096633269706e+01
2.550000000000000000e+02 0.000000000000000000e+00 3.332132524132158125e+01
2.549994297224474735e+02 2.040442619091218182e-04 3.223525518612498786e+01
2.549997750281214905e+02 2.092761660606377614e-05 3.174514086901928067e+01
2.549998064195463883e+02 2.092761660606377614e-05 3.099320506448322021e+01
2.549998325790671458e+02 2.092761660606377614e-05 3.116290710754179116e+01
2.549993028487718050e+02 2.432835430454913955e-04 3.116755957830852708e+01
2.549998692023962121e+02 5.231904151515944034e-06 3.137726083658147402e+01
2.549998692023962121e+02 1.569571245454783295e-05 3.066255003008344815e+01
2.549999843042875511e+02 0.000000000000000000e+00 3.149295654903602326e+01
2.549999843042875511e+02 0.000000000000000000e+00 3.203408585554712573e+01
2.549999843042875511e+02 0.000000000000000000e+00 3.039988489810866668e+01
2.549995291286263637e+02 1.674209328485102091e-04 3.215570277552514966e+01
2.549997645643131818e+02 3.662332906061160909e-05 3.180277290920030353e+01
2.549998665864441421e+02 0.000000000000000000e+00 3.084638606220734047e+01
2.549998979778690398e+02 0.000000000000000000e+00 3.062218196562638894e+01
2.549998979778690398e+02 1.569571245454783295e-05 3.131984068851858538e+01
2.550000000000000000e+02 0.000000000000000000e+00 3.056458785675046386e+01
2.550000000000000000e+02 0.000000000000000000e+00 3.135156303136526645e+01
2.550000000000000000e+02 0.000000000000000000e+00 3.136767337222381968e+01
2.549990399455882084e+02 3.976247155152117635e-04 3.145006801475397040e+01
2.549999189054856572e+02 0.000000000000000000e+00 3.082471682318779926e+01
2.550000000000000000e+02 0.000000000000000000e+00 3.108745912574881487e+01
2.550000000000000000e+02 0.000000000000000000e+00 3.106446229105082679e+01
2.550000000000000000e+02 0.000000000000000000e+00 3.229011954900985870e+01
2.550000000000000000e+02 0.000000000000000000e+00 3.074180683809872505e+01
2.550000000000000000e+02 0.000000000000000000e+00 3.105917806785779689e+01
2.550000000000000000e+02 0.000000000000000000e+00 3.155637769116069791e+01
2.550000000000000000e+02 0.000000000000000000e+00 3.202398174065451286e+01
2.549993028487718050e+02 3.505375781515682816e-04 3.258911240746069637e+01
2.550000000000000000e+02 0.000000000000000000e+00 3.242914693802809722e+01
2.550000000000000000e+02 0.000000000000000000e+00 3.192730530776676190e+01
2.550000000000000000e+02 0.000000000000000000e+00 3.305926701022837477e+01
2.550000000000000000e+02 0.000000000000000000e+00 3.260918329976194485e+01
2.550000000000000000e+02 0.000000000000000000e+00 3.288963428989980997e+01
2.549993172365082330e+02 3.583854343788421591e-04 3.295733120569231289e+01
2.550000000000000000e+02 0.000000000000000000e+00 3.234218091924555694e+01
2.550000000000000000e+02 0.000000000000000000e+00 3.166202945562037385e+01
2.550000000000000000e+02 0.000000000000000000e+00 3.241555706699453054e+01
2.550000000000000000e+02 0.000000000000000000e+00 3.257410599837810850e+01
2.549993224684123732e+02 2.903706804091349316e-04 3.197799984304287690e+01
2.549999398331022462e+02 0.000000000000000000e+00 3.109424882936144741e+01
2.550000000000000000e+02 0.000000000000000000e+00 3.238710728019462692e+01
2.549994323383995720e+02 2.367436628560964885e-04 3.173791953331414817e+01
2.550000000000000000e+02 0.000000000000000000e+00 3.165435948413425038e+01
2.550000000000000000e+02 0.000000000000000000e+00 3.166552175164150995e+01
2.550000000000000000e+02 0.000000000000000000e+00 3.156130876082350056e+01
2.549995605200512614e+02 1.674209328485102091e-04 3.159614408664033292e+01
2.549996546943260114e+02 8.371046642425510455e-05 3.181997541005048902e+01
2.549997697962173220e+02 2.354356868182174773e-05 3.176088759253930505e+01
2.549992884610354054e+02 1.935804536060899454e-04 3.224281267167185661e+01
2.549992858450833069e+02 2.040442619091218182e-04 3.296929003060663632e+01
2.549998168833546970e+02 0.000000000000000000e+00 3.286948884296439388e+01
2.549998718183482822e+02 0.000000000000000000e+00 3.382504904910142329e+01
2.549994925052972974e+02 1.569571245454783363e-04 3.312082559447510732e+01
2.549995657519554300e+02 1.621890286969942727e-04 3.371893295314829686e+01
2.550000000000000000e+02 0.000000000000000000e+00 3.353697779056687978e+01
2.550000000000000000e+02 0.000000000000000000e+00 3.361392340492322006e+01
2.550000000000000000e+02 0.000000000000000000e+00 3.336402673503021532e+01
2.550000000000000000e+02 0.000000000000000000e+00 3.394306511104716861e+01
2.550000000000000000e+02 0.000000000000000000e+00 3.408816935673738158e+01
2.550000000000000000e+02 0.000000000000000000e+00 3.438234363146467132e+01
2.550000000000000000e+02 0.000000000000000000e+00 3.481712533026394851e+01
2.550000000000000000e+02 0.000000000000000000e+00 3.489774112538258066e+01
2.549995395924346724e+02 1.778847411515421090e-04 3.476203337954848394e+01
2.549996651581342917e+02 6.801475396970726821e-05 3.535205221440342882e+01
2.549994977372014660e+02 1.883485494545739818e-04 3.509344442409815201e+01
2.549998168833546970e+02 0.000000000000000000e+00 3.360358908624794338e+01
2.549998325790671458e+02 2.092761660606377614e-05 3.321028199963376437e+01
2.549998325790671458e+02 1.046380830303188807e-05 3.301540534177414088e+01
2.549999372171501761e+02 0.000000000000000000e+00 3.223322913124231803e+01
2.549994977372014660e+02 2.092761660606377817e-04 3.193211604363408185e+01
2.549998495827556440e+02 0.000000000000000000e+00 3.224077615298087807e+01
2.549998927459648996e+02 0.000000000000000000e+00 3.261554660318623178e+01
2.549999005938211099e+02 0.000000000000000000e+00 3.288166217594893936e+01
2.549999005938211099e+02 5.231904151515944034e-06 3.225039500876344079e+01
2.549999346011981061e+02 1.831166453030580454e-05 3.191477882125199628e+01
2.549999947680958599e+02 0.000000000000000000e+00 3.125190702906322926e+01
2.549999947680958599e+02 0.000000000000000000e+00 3.146791665576686725e+01
2.549999947680958599e+02 0.000000000000000000e+00 3.196318963036597083e+01
2.549999947680958599e+02 0.000000000000000000e+00 3.161849608915164822e+01
2.550000000000000000e+02 0.000000000000000000e+00 3.263819551625814341e+01
2.550000000000000000e+02 0.000000000000000000e+00 3.254215083579668999e+01
2.550000000000000000e+02 0.000000000000000000e+00 3.185832919140921504e+01
2.550000000000000000e+02 0.000000000000000000e+00 3.217708164386428393e+01
2.550000000000000000e+02 0.000000000000000000e+00 3.240281345645747990e+01
2.550000000000000000e+02 0.000000000000000000e+00 3.224003060663928721e+01
2.550000000000000000e+02 0.000000000000000000e+00 3.211591937635702720e+01
2.550000000000000000e+02 0.000000000000000000e+00 3.260140084233656665e+01
2.550000000000000000e+02 0.000000000000000000e+00 3.289624480079525171e+01
2.550000000000000000e+02 0.000000000000000000e+00 3.336918931645172393e+01
2.550000000000000000e+02 0.000000000000000000e+00 3.330686949015093745e+01
2.550000000000000000e+02 0.000000000000000000e+00 3.400285923561879997e+01
2.550000000000000000e+02 0.000000000000000000e+00 3.528595756925733440e+01
2.550000000000000000e+02 0.000000000000000000e+00 3.547359065581918713e+01
2.550000000000000000e+02 0.000000000000000000e+00 3.471466633531273516e+01
2.550000000000000000e+02 0.000000000000000000e+00 3.570371465194757832e+01
2.550000000000000000e+02 0.000000000000000000e+00 3.593723676982237691e+01
2.550000000000000000e+02 0.000000000000000000e+00 3.451294634682292894e+01
2.550000000000000000e+02 0.000000000000000000e+00 3.434456928349072768e+01
2.550000000000000000e+02 0.000000000000000000e+00 3.299090956653674311e+01
2.550000000000000000e+02 0.000000000000000000e+00 3.347137102048290558e+01
2.549995448243388125e+02 1.726528370000261726e-04 3.413677897820912222e+01
2.549999895361916913e+02 0.000000000000000000e+00 3.398398906532032271e+01
2.549999895361916913e+02 0.000000000000000000e+00 3.388105527506736081e+01
2.549999895361916913e+02 0.000000000000000000e+00 3.471264289638213540e+01
2.549999686085751023e+02 0.000000000000000000e+00 3.335333272294451490e+01
2.549999738404792424e+02 0.000000000000000000e+00 3.375915583226515082e+01
2.549999738404792424e+02 0.000000000000000000e+00 3.354589426321710022e+01
2.549999738404792424e+02 0.000000000000000000e+00 3.398508907316818295e+01
2.549999738404792424e+02 0.000000000000000000e+00 3.400068668741988631e+01
2.549995840636199489e+02 1.726528370000261726e-04 3.338096110079263212e+01
2.549994611138723997e+02 2.197399743636696545e-04 3.387336960786878137e+01
2.549997017814633580e+02 4.185523321212755227e-05 3.402320349491197504e+01
2.549995291286263637e+02 1.778847411515421090e-04 3.451616135192403334e+01
2.549997750281214905e+02 4.185523321212755227e-05 3.466523530488921523e+01
2.549999005938211099e+02 5.231904151515944034e-06 3.453976116357548420e+01
2.549999005938211099e+02 5.231904151515944034e-06 3.513862976430272056e+01
2.550000000000000000e+02 0.000000000000000000e+00 3.576119104298009432e+01
2.550000000000000000e+02 0.000000000000000000e+00 3.566946006749156339e+01
2.550000000000000000e+02 0.000000000000000000e+00 3.582852041750594907e+01
2.550000000000000000e+02 0.000000000000000000e+00 3.558588301462317105e+01
2.550000000000000000e+02 0.000000000000000000e+00 3.583516101185026059e+01
2.550000000000000000e+02 0.000000000000000000e+00 3.631159389959975670e+01
2.549995448243388125e+02 1.621890286969942727e-04 3.635721348784890239e+01
2.549997279409841155e+02 2.615952075757972271e-05 3.668684437701101331e+01
2.549998561226358333e+02 0.000000000000000000e+00 3.705627305307766761e+01
2.549999581447667936e+02 0.000000000000000000e+00 3.583853689800402975e+01
2.549993813273340777e+02 2.524393753106442977e-04 3.371276846208177602e+01
2.549999529128626250e+02 0.000000000000000000e+00 3.319961676302089870e+01
2.550000000000000000e+02 0.000000000000000000e+00 3.214192063201402050e+01
2.550000000000000000e+02 0.000000000000000000e+00 3.261949276689251320e+01
2.550000000000000000e+02 0.000000000000000000e+00 3.300572631909383148e+01
2.550000000000000000e+02 0.000000000000000000e+00 3.341257880555627935e+01
2.550000000000000000e+02 0.000000000000000000e+00 3.299470531299866849e+01
2.550000000000000000e+02 0.000000000000000000e+00 3.313089570199073819e+01
2.550000000000000000e+02 0.000000000000000000e+00 3.218097941245716243e+01
2.550000000000000000e+02 0.000000000000000000e+00 3.126007403144374308e+01
2.550000000000000000e+02 0.000000000000000000e+00 3.238068250189656538e+01
2.550000000000000000e+02 0.000000000000000000e+00 3.216401234729379865e+01
2.549997619483611118e+02 5.755094566667538861e-05 3.187978784628665707e+01
2.549999215214377273e+02 0.000000000000000000e+00 3.257234677060716166e+01
2.549999476809584849e+02 0.000000000000000000e+00 3.262916394171659107e+01
2.549999581447667936e+02 0.000000000000000000e+00 3.297303868993120091e+01
2.549999581447667936e+02 0.000000000000000000e+00 3.183980432678473349e+01
2.549999581447667936e+02 0.000000000000000000e+00 3.336569309650247561e+01
2.549999581447667936e+02 0.000000000000000000e+00 3.264784445548957592e+01
2.549999516048866042e+02 0.000000000000000000e+00 3.317684359222538859e+01
2.550000000000000000e+02 0.000000000000000000e+00 3.308555471263766634e+01
2.550000000000000000e+02 0.000000000000000000e+00 3.324289115023412933e+01
2.550000000000000000e+02 0.000000000000000000e+00 3.393449394407094388e+01
2.550000000000000000e+02 0.000000000000000000e+00 3.374191670808590970e+01
2.549996389986135341e+02 1.307976037878986000e-04 3.361899050409396494e+01
2.549999555288147235e+02 0.000000000000000000e+00 3.261547728045621852e+01
2.549994794255369186e+02 1.831166453030580454e-04 3.265616710701859660e+01
2.550000000000000000e+02 0.000000000000000000e+00 3.243072435712977608e+01
2.549996520783739129e+02 1.281816517121406318e-04 3.144435739137259134e+01
2.549999581447667936e+02 0.000000000000000000e+00 3.037163130771444131e+01
2.549994663457765398e+02 1.883485494545739818e-04 3.063106443089962738e+01
2.549998208072828163e+02 1.831166453030580454e-05 3.019114761817563419e+01
2.549998692023962121e+02 2.092761660606377614e-05 3.082326496978575392e+01
2.550000000000000000e+02 0.000000000000000000e+00 3.050674000052319101e+01
2.550000000000000000e+02 0.000000000000000000e+00 3.101047427211133467e+01
2.550000000000000000e+02 0.000000000000000000e+00 3.114558688884819659e+01
2.550000000000000000e+02 0.000000000000000000e+00 3.059272896120543095e+01
2.550000000000000000e+02 0.000000000000000000e+00 3.016753211081173092e+01
2.550000000000000000e+02 0.000000000000000000e+00 3.047879247652182855e+01
2.550000000000000000e+02 0.000000000000000000e+00 3.049693933607136387e+01
2.550000000000000000e+02 0.000000000000000000e+00 3.078659455358777919e+01
2.549994297224474735e+02 2.406675909697334273e-04 3.032224867240432076e+01
2.549998639704920720e+02 3.139142490909566590e-05 3.084878619823684787e+01
2.549998639704920720e+02 2.615952075757972271e-05 3.129788892667486166e+01
2.549991576634316175e+02 3.740811468333900226e-04 3.124198733879195444e+01
2.549998299631150758e+02 2.615952075757972271e-05 3.157671802652575366e+01
2.549999005938211099e+02 0.000000000000000000e+00 3.146097784288591725e+01
2.549999424490543447e+02 0.000000000000000000e+00 3.116092683182043999e+01
2.550000000000000000e+02 0.000000000000000000e+00 3.159240589112407349e+01
2.550000000000000000e+02 0.000000000000000000e+00 3.161948622701232026e+01
2.550000000000000000e+02 0.000000000000000000e+00 3.171280377743479661e+01
2.549995238967222235e+02 1.674209328485102091e-04 3.226882177518508144e+01
2.549998325790671458e+02 2.615952075757972271e-05 3.227877154890522604e+01
2.549998953619169697e+02 2.615952075757972271e-05 3.138255159965469332e+01
2.550000000000000000e+02 0.000000000000000000e+00 3.191833128417087551e+01
2.550000000000000000e+02 0.000000000000000000e+00 3.151061814947550133e+01
2.549993512438852008e+02 3.008344887121668044e-04 3.170503963167394801e+01
2.550000000000000000e+02 0.000000000000000000e+00 3.131689381850524612e+01
2.550000000000000000e+02 0.000000000000000000e+00 3.048046799382635186e+01
2.550000000000000000e+02 0.000000000000000000e+00 3.112733800716770816e+01
2.550000000000000000e+02 0.000000000000000000e+00 2.983603473984356569e+01
2.550000000000000000e+02 0.000000000000000000e+00 3.091251733068250118e+01
2.550000000000000000e+02 0.000000000000000000e+00 3.041710701859942034e+01
2.549994506500640910e+02 2.145080702121537181e-04 2.943541999110576413e+01
2.549992570696104792e+02 3.348418656970204182e-04 3.048539252360896867e+01
2.549999895361916913e+02 0.000000000000000000e+00 3.029101682057184775e+01
2.550000000000000000e+02 0.000000000000000000e+00 2.971567609281397893e+01
2.550000000000000000e+02 0.000000000000000000e+00 3.017525832526748175e+01
2.550000000000000000e+02 0.000000000000000000e+00 2.976063646114003092e+01
2.549994977372014660e+02 1.935804536060899454e-04 2.981216286917623748e+01
2.549999319852460360e+02 0.000000000000000000e+00 3.046876553221544981e+01
2.549999895361916913e+02 0.000000000000000000e+00 3.060019227247756746e+01
2.549999895361916913e+02 0.000000000000000000e+00 3.026994663457765355e+01
2.550000000000000000e+02 0.000000000000000000e+00 3.065229026604232487e+01
2.550000000000000000e+02 0.000000000000000000e+00 3.053649907133701191e+01
2.549988280534700493e+02 5.074947026970465366e-04 3.060746200329609934e+01
2.549997750281214905e+02 0.000000000000000000e+00 3.106794935516781209e+01
2.549998835901326402e+02 0.000000000000000000e+00 3.048994951212493731e+01
2.549999424490543447e+02 0.000000000000000000e+00 3.140092343108274164e+01
2.549999529128626250e+02 0.000000000000000000e+00 3.073134956967588494e+01
2.550000000000000000e+02 0.000000000000000000e+00 3.106111256441781876e+01
2.550000000000000000e+02 0.000000000000000000e+00 3.153450309990320832e+01
2.550000000000000000e+02 0.000000000000000000e+00 3.139998953619169697e+01
2.550000000000000000e+02 0.000000000000000000e+00 3.235963585947105514e+01
2.550000000000000000e+02 0.000000000000000000e+00 3.073131817825097301e+01
2.549995395924346724e+02 1.569571245454783363e-04 2.936023098856828994e+01
2.549997043974154280e+02 1.046380830303188807e-05 3.047705025243937627e+01
2.549997043974154280e+02 2.092761660606377614e-05 3.007522954979464913e+01
2.549998456588275246e+02 0.000000000000000000e+00 3.019463337431658090e+01
2.549999136735814886e+02 0.000000000000000000e+00 3.027759698642320885e+01
2.549999136735814886e+02 0.000000000000000000e+00 3.012806000994061861e+01
2.549999136735814886e+02 0.000000000000000000e+00 3.071864912234807932e+01
2.549999136735814886e+02 0.000000000000000000e+00 3.116158866769560731e+01
2.549995186648180550e+02 2.014283098333638500e-04 2.997733015931148159e+01
2.549997802600256307e+02 5.231904151515944543e-05 3.051134800010463977e+01
2.550000000000000000e+02 0.000000000000000000e+00 2.988052554477201994e+01
2.550000000000000000e+02 0.000000000000000000e+00 3.035558898160985564e+01
2.550000000000000000e+02 0.000000000000000000e+00 2.969582886441520486e+01
2.550000000000000000e+02 0.000000000000000000e+00 3.048235147932089717e+01
2.550000000000000000e+02 0.000000000000000000e+00 3.052414131373113193e+01
2.550000000000000000e+02 0.000000000000000000e+00 3.092190075077824574e+01
2.549995395924346724e+02 1.360295079394145364e-04 3.059166296073455982e+01
2.549998953619169697e+02 1.046380830303188807e-05 3.083410024328354382e+01
2.549998953619169697e+02 1.569571245454783295e-05 3.038030318884558056e+01
2.549999058257252784e+02 0.000000000000000000e+00 2.966313077144426558e+01
2.549999058257252784e+02 1.046380830303188807e-05 3.168978732309624036e+01
2.549999058257252784e+02 2.092761660606377614e-05 3.104071206215501988e+01
2.549999058257252784e+02 2.092761660606377614e-05 3.144925706961048562e+01
2.549998979778690398e+02 1.307976037878986136e-05 3.054662280587019652e+01
2.549992649174667179e+02 3.021424647500457750e-04 3.082236115834357904e+01
2.550000000000000000e+02 0.000000000000000000e+00 3.023030580479765561e+01
2.550000000000000000e+02 0.000000000000000000e+00 3.068463128155492115e+01
2.550000000000000000e+02 0.000000000000000000e+00 3.019141444528736073e+01
2.550000000000000000e+02 0.000000000000000000e+00 3.105431501294896179e+01
2.550000000000000000e+02 0.000000000000000000e+00 3.221776493054647261e+01
2.550000000000000000e+02 0.000000000000000000e+00 3.113380333272294465e+01
2.550000000000000000e+02 0.000000000000000000e+00 3.062466712009835845e+01
2.550000000000000000e+02 0.000000000000000000e+00 3.051519868156015391e+01
2.550000000000000000e+02 0.000000000000000000e+00 3.007476652627723723e+01
2.550000000000000000e+02 0.000000000000000000e+00 2.947950663143851102e+01
2.549994297224474735e+02 2.040442619091218182e-04 2.944141967719151509e+01
2.550000000000000000e+02 0.000000000000000000e+00 2.881889632981923910e+01
2.550000000000000000e+02 0.000000000000000000e+00 2.890683417479791828e+01
2.550000000000000000e+02 0.000000000000000000e+00 2.933447955633452864e+01
2.550000000000000000e+02 0.000000000000000000e+00 2.917192037041881392e+01
2.549994114107829546e+02 2.223559264394276227e-04 2.886372590054150322e+01
2.549999385251262254e+02 0.000000000000000000e+00 2.870090119549009700e+01
2.549999398331022462e+02 0.000000000000000000e+00 2.840856201114395674e+01
2.549994611138723997e+02 1.687289088863892068e-04 2.834858084599890304e+01
2.549999581447667936e+02 0.000000000000000000e+00 2.787793052031286933e+01
2.549999607607188636e+02 0.000000000000000000e+00 2.876728097941245821e+01
2.549999934601198106e+02 0.000000000000000000e+00 2.867340099929369401e+01
2.550000000000000000e+02 0.000000000000000000e+00 2.835340073769848601e+01
2.550000000000000000e+02 0.000000000000000000e+00 2.833466136500379307e+01
2.550000000000000000e+02 0.000000000000000000e+00 2.844741282339707666e+01
2.550000000000000000e+02 0.000000000000000000e+00 2.787010620765427404e+01
2.550000000000000000e+02 0.000000000000000000e+00 2.882900567661600277e+01
2.549988005859732709e+02 5.101106547728045861e-04 2.877655976142516892e+01
2.549997174771758068e+02 3.139142490909566590e-05 2.905128835639731122e+01
2.549998077275224375e+02 6.539880189394930678e-06 2.860578256206346381e+01
2.549999123656054678e+02 0.000000000000000000e+00 2.774788761869882592e+01
2.549999110576294186e+02 0.000000000000000000e+00 2.773687053653177159e+01
2.549992766892510474e+02 3.230700813561095748e-04 2.867251419154001013e+01
2.549999947680958599e+02 0.000000000000000000e+00 2.850146754911450131e+01
2.550000000000000000e+02 0.000000000000000000e+00 2.832399612839092740e+01
2.550000000000000000e+02 0.000000000000000000e+00 2.868539383158500655e+01
2.550000000000000000e+02 0.000000000000000000e+00 3.053126193528134635e+01
2.550000000000000000e+02 0.000000000000000000e+00 2.923012792005650340e+01
2.550000000000000000e+02 0.000000000000000000e+00 2.970379574646192467e+01
2.549994114107829546e+02 2.328197347424595227e-04 2.760234912496403226e+01
2.549999398331022462e+02 2.615952075757972017e-06 2.699309519449603556e+01
2.550000000000000000e+02 0.000000000000000000e+00 2.738382556831559000e+01
2.550000000000000000e+02 0.000000000000000000e+00 2.720267088706934899e+01
2.550000000000000000e+02 0.000000000000000000e+00 2.646344991759750798e+01
2.550000000000000000e+02 0.000000000000000000e+00 2.760864441363434096e+01
2.550000000000000000e+02 0.000000000000000000e+00 2.698660763334815726e+01
2.550000000000000000e+02 0.000000000000000000e+00 2.767719805373165443e+01
2.550000000000000000e+02 0.000000000000000000e+00 2.779269495382844468e+01
2.550000000000000000e+02 0.000000000000000000e+00 2.708677113035289352e+01
2.550000000000000000e+02 0.000000000000000000e+00 2.692043058571167080e+01
2.550000000000000000e+02 0.000000000000000000e+00 2.785331571925602390e+01
2.550000000000000000e+02 0.000000000000000000e+00 2.739732518900253666e+01
2.550000000000000000e+02 0.000000000000000000e+00 2.699399246605802105e+01
2.550000000000000000e+02 0.000000000000000000e+00 2.750647709733957669e+01
2.550000000000000000e+02 0.000000000000000000e+00 2.786825542156067570e+01
2.550000000000000000e+02 0.000000000000000000e+00 2.872514191540010842e+01
2.550000000000000000e+02 0.000000000000000000e+00 2.788468752452455135e+01
2.550000000000000000e+02 0.000000000000000000e+00 2.747355664844220158e+01
2.550000000000000000e+02 0.000000000000000000e+00 2.855904857823004761e+01
2.550000000000000000e+02 0.000000000000000000e+00 2.881180317576582084e+01
2.550000000000000000e+02 0.000000000000000000e+00 2.768817589661757239e+01
2.550000000000000000e+02 0.000000000000000000e+00 2.796390247730661471e+01
2.550000000000000000e+02 0.000000000000000000e+00 2.804047662646820172e+01
2.550000000000000000e+02 0.000000000000000000e+00 2.838224422528579183e+01
2.550000000000000000e+02 0.000000000000000000e+00 2.799499568367907543e+01
2.550000000000000000e+02 0.000000000000000000e+00 2.839477986763282402e+01
2.550000000000000000e+02 0.000000000000000000e+00 2.821823972584822116e+01
2.550000000000000000e+02 0.000000000000000000e+00 2.925326078426243370e+01
2.550000000000000000e+02 0.000000000000000000e+00 2.932390980197242669e+01
2.550000000000000000e+02 0.000000000000000000e+00 2.981360425876997766e+01
2.550000000000000000e+02 0.000000000000000000e+00 3.054586025584011466e+01
2.550000000000000000e+02 0.000000000000000000e+00 3.054891568786459999e+01
2.549993774034059584e+02 2.354356868182174909e-04 3.102188636304182978e+01
2.549998953619169697e+02 0.000000000000000000e+00 3.009177675464985313e+01
2.549998953619169697e+02 0.000000000000000000e+00 2.846370366494885928e+01
2.549998953619169697e+02 0.000000000000000000e+00 2.829941795066314469e+01
2.550000000000000000e+02 0.000000000000000000e+00 2.754028304601459709e+01
2.549995082010097462e+02 1.726528370000261726e-04 2.806394825646794189e+01
2.549997933397860095e+02 5.231904151515944543e-05 2.849736442828367444e+01
2.549998116514505568e+02 5.231904151515944543e-05 2.875504617155413811e+01
2.549998325790671458e+02 1.569571245454783295e-05 2.940132236377429464e+01
2.550000000000000000e+02 0.000000000000000000e+00 2.937018207026447314e+01
2.550000000000000000e+02 0.000000000000000000e+00 2.871965495592120732e+01
2.550000000000000000e+02 0.000000000000000000e+00 2.832856881261935200e+01
2.550000000000000000e+02 0.000000000000000000e+00 2.854672090407303742e+01
2.550000000000000000e+02 0.000000000000000000e+00 2.794597012582729434e+01
2.550000000000000000e+02 0.000000000000000000e+00 2.877321134276819947e+01
2.549992806131791667e+02 3.165302011667146137e-04 2.938966437334867976e+01
2.549992845371072860e+02 2.655191356894341659e-04 2.914112276663091450e+01
2.549996062992125871e+02 6.147487378031234770e-05 2.976716980144923852e+01
2.549998011876422481e+02 4.447118528788552726e-05 2.970992099824731270e+01
2.549992989248436857e+02 2.118921181363957499e-04 3.009513040521097693e+01
2.549997384047924243e+02 2.615952075757972271e-05 2.992405106338451759e+01
2.549997384047924243e+02 5.231904151515944034e-06 2.970042247626023624e+01
2.549997384047924243e+02 3.139142490909566590e-05 2.884358568551024149e+01
2.549997384047924243e+02 4.185523321212755227e-05 2.908149867894420026e+01
2.549997384047924243e+02 5.231904151515944034e-06 3.003948387265545250e+01
2.549998639704920720e+02 2.092761660606377614e-05 2.970454783268370491e+01
2.549999476809584849e+02 0.000000000000000000e+00 2.984541554398723306e+01
2.550000000000000000e+02 0.000000000000000000e+00 3.020305281607241099e+01
2.549994506500640910e+02 1.988123577576058818e-04 3.115386768514400728e+01
2.549997697962173220e+02 2.615952075757972271e-05 3.038492950009155891e+01
2.549998587385879034e+02 1.046380830303188807e-05 3.072673633819028538e+01
2.549998587385879034e+02 5.231904151515944034e-06 3.045232819734742336e+01
2.549999476809584849e+02 0.000000000000000000e+00 3.089853899076569022e+01
2.549987508828838259e+02 5.415020796819002046e-04 3.031556491485076066e+01
2.549999084416773485e+02 0.000000000000000000e+00 2.940485782300468287e+01
2.549999372171501761e+02 0.000000000000000000e+00 2.818999136735815014e+01
2.549999424490543447e+02 0.000000000000000000e+00 2.865078086169461358e+01
2.549999529128626250e+02 0.000000000000000000e+00 2.821054621079341729e+01
2.549999529128626250e+02 5.231904151515944034e-06 2.837721767337222545e+01
2.550000000000000000e+02 0.000000000000000000e+00 2.799845528029926456e+01
2.550000000000000000e+02 0.000000000000000000e+00 2.888610667852564973e+01
2.549994584979203296e+02 1.961964056818479136e-04 2.871971643079498904e+01
2.549998090354984583e+02 7.847856227273916475e-06 2.923267847333036684e+01
2.549999869202396212e+02 0.000000000000000000e+00 2.881001124859392704e+01
2.550000000000000000e+02 0.000000000000000000e+00 2.820781515682632801e+01
2.550000000000000000e+02 0.000000000000000000e+00 2.832419886467679859e+01
2.550000000000000000e+02 0.000000000000000000e+00 2.840022889580662735e+01
2.549994571899442803e+02 1.988123577576058818e-04 2.865914144452873558e+01
2.549991864389044451e+02 3.400737698485363546e-04 2.908912679519711375e+01
2.549999790723833826e+02 0.000000000000000000e+00 2.872656891725743478e+01
2.549993146205561629e+02 2.694430638030711317e-04 2.955065791194705227e+01
2.549987090276506194e+02 4.839511340152248499e-04 3.027953409893530790e+01
2.550000000000000000e+02 0.000000000000000000e+00 3.044246344206974086e+01
2.550000000000000000e+02 0.000000000000000000e+00 3.024047270254008879e+01
2.550000000000000000e+02 0.000000000000000000e+00 2.949974232872053648e+01
2.550000000000000000e+02 0.000000000000000000e+00 3.056911214586548908e+01
2.550000000000000000e+02 0.000000000000000000e+00 3.114668035681586389e+01
2.550000000000000000e+02 0.000000000000000000e+00 3.031828942893766055e+01
2.550000000000000000e+02 0.000000000000000000e+00 3.077914563005205650e+01
2.550000000000000000e+02 0.000000000000000000e+00 3.236938943678551794e+01
2.550000000000000000e+02 0.000000000000000000e+00 3.189625395662751473e+01
2.549993930991184357e+02 2.838308002197399704e-04 3.224015748031496287e+01
2.550000000000000000e+02 0.000000000000000000e+00 3.201276453815366096e+01
2.550000000000000000e+02 0.000000000000000000e+00 3.015864572161038026e+01
2.550000000000000000e+02 0.000000000000000000e+00 2.777886833913202835e+01
2.550000000000000000e+02 0.000000000000000000e+00 2.873844533968137682e+01
2.550000000000000000e+02 0.000000000000000000e+00 2.914760378789860695e+01
2.550000000000000000e+02 0.000000000000000000e+00 2.903056347607711984e+01
2.550000000000000000e+02 0.000000000000000000e+00 2.835120726188296203e+01
2.550000000000000000e+02 0.000000000000000000e+00 2.886191827765715345e+01
2.549994519580401402e+02 2.315117587045805250e-04 2.927496795458707268e+01
2.549991589714076383e+02 3.662332906061160909e-04 2.902251419154001155e+01
2.549998391189473352e+02 1.700368849242681705e-05 2.849172443560834012e+01
2.550000000000000000e+02 0.000000000000000000e+00 2.807104010254532156e+01
2.550000000000000000e+02 0.000000000000000000e+00 2.860144662149789241e+01
2.550000000000000000e+02 0.000000000000000000e+00 2.851808407669971501e+01
2.550000000000000000e+02 0.000000000000000000e+00 2.915443011484029512e+01
2.550000000000000000e+02 0.000000000000000000e+00 2.864260470348183318e+01
2.550000000000000000e+02 0.000000000000000000e+00 2.972683443639312628e+01
2.550000000000000000e+02 0.000000000000000000e+00 3.015461715541371390e+01
2.550000000000000000e+02 0.000000000000000000e+00 3.005608993643236460e+01
2.550000000000000000e+02 0.000000000000000000e+00 3.024184215345174920e+01
2.550000000000000000e+02 0.000000000000000000e+00 3.020363224945718983e+01
2.549992466058021705e+02 3.243780573939885454e-04 3.043498312710910980e+01
2.550000000000000000e+02 0.000000000000000000e+00 2.959881628168572121e+01
2.549993093886519944e+02 3.230700813561095748e-04 3.123439584586810369e+01
2.550000000000000000e+02 0.000000000000000000e+00 3.076895518874094293e+01
2.550000000000000000e+02 0.000000000000000000e+00 3.079259423967353015e+01
2.550000000000000000e+02 0.000000000000000000e+00 3.036928741465456483e+01
2.550000000000000000e+02 0.000000000000000000e+00 2.953128417087398816e+01
2.550000000000000000e+02 0.000000000000000000e+00 2.756989300756010053e+01
2.550000000000000000e+02 0.000000000000000000e+00 2.619426321709786265e+01
2.550000000000000000e+02 0.000000000000000000e+00 2.704163026133361214e+01
2.550000000000000000e+02 0.000000000000000000e+00 2.731250294294608594e+01
2.550000000000000000e+02 0.000000000000000000e+00 2.763634603814058011e+01
2.549995709838595701e+02 1.674209328485102091e-04 2.719354906218118018e+01
2.549999790723833826e+02 0.000000000000000000e+00 2.682372930127920085e+01
2.549994768095848485e+02 2.092761660606377817e-04 2.728887304784576173e+01
2.549998299631150758e+02 0.000000000000000000e+00 2.713383995605200383e+01
2.549999110576294186e+02 0.000000000000000000e+00 2.725434902032594664e+01
2.549999738404792424e+02 0.000000000000000000e+00 2.733581761582127712e+01
2.549999738404792424e+02 0.000000000000000000e+00 2.684311481413660516e+01
2.550000000000000000e+02 0.000000000000000000e+00 2.738073874486619275e+01
2.550000000000000000e+02 0.000000000000000000e+00 2.738278311141339927e+01
2.550000000000000000e+02 0.000000000000000000e+00 2.763248750882883797e+01
2.550000000000000000e+02 0.000000000000000000e+00 2.847772909200303459e+01
2.550000000000000000e+02 0.000000000000000000e+00 2.854864886075286989e+01
2.550000000000000000e+02 0.000000000000000000e+00 2.886680880006278116e+01
2.550000000000000000e+02 0.000000000000000000e+00 2.789911188427027966e+01
2.550000000000000000e+02 0.000000000000000000e+00 2.788089047008658738e+01
2.550000000000000000e+02 0.000000000000000000e+00 2.897806785779684446e+01
2.550000000000000000e+02 0.000000000000000000e+00 2.890319015355638754e+01
2.550000000000000000e+02 0.000000000000000000e+00 2.941744055248907941e+01
2.550000000000000000e+02 0.000000000000000000e+00 2.970663405446412142e+01
2.550000000000000000e+02 0.000000000000000000e+00 2.857849033405707928e+01
2.550000000000000000e+02 0.000000000000000000e+00 2.862142072357234568e+01
2.550000000000000000e+02 0.000000000000000000e+00 2.793749444110184044e+01
2.550000000000000000e+02 0.000000000000000000e+00 2.649924529782614258e+01
2.550000000000000000e+02 0.000000000000000000e+00 2.649726240615271777e+01
2.550000000000000000e+02 0.000000000000000000e+00 2.713126847516153362e+01
2.550000000000000000e+02 0.000000000000000000e+00 2.705216862427080216e+01
2.550000000000000000e+02 0.000000000000000000e+00 2.726306668061841165e+01
2.550000000000000000e+02 0.000000000000000000e+00 2.656903889920736717e+01
2.550000000000000000e+02 0.000000000000000000e+00 2.708438015015564915e+01
2.550000000000000000e+02 0.000000000000000000e+00 2.704757501242577078e+01
2.550000000000000000e+02 0.000000000000000000e+00 2.834598712951578747e+01
2.550000000000000000e+02 0.000000000000000000e+00 2.764807204332016610e+01
2.550000000000000000e+02 0.000000000000000000e+00 2.671158605174353085e+01
2.550000000000000000e+02 0.000000000000000000e+00 2.789590341904936466e+01
2.550000000000000000e+02 0.000000000000000000e+00 2.813884819630104417e+01
2.550000000000000000e+02 0.000000000000000000e+00 2.757859889606822534e+01
2.550000000000000000e+02 0.000000000000000000e+00 2.845897533157192427e+01
2.550000000000000000e+02 0.000000000000000000e+00 2.936411960132890542e+01
2.550000000000000000e+02 0.000000000000000000e+00 2.945394747168231930e+01
2.550000000000000000e+02 0.000000000000000000e+00 2.954202919402516514e+01
2.549994087948308845e+02 2.406675909697334273e-04 2.874745337065424877e+01
2.549991171161744319e+02 3.269940094697465407e-04 2.887969497998796697e+01
2.549998901300128296e+02 0.000000000000000000e+00 2.949371909906610512e+01
2.549994689617286099e+02 2.145080702121537181e-04 3.018460512203416357e+01
2.549998064195463883e+02 4.185523321212755227e-05 2.973533497266329917e+01
2.549998692023962121e+02 0.000000000000000000e+00 2.979555288147121317e+01
2.550000000000000000e+02 0.000000000000000000e+00 2.918753629633505042e+01
2.550000000000000000e+02 0.000000000000000000e+00 2.812067648520678986e+01
2.550000000000000000e+02 0.000000000000000000e+00 2.796808015277160209e+01
2.550000000000000000e+02 0.000000000000000000e+00 2.833925497684882444e+01
2.550000000000000000e+02 0.000000000000000000e+00 2.804925706961048348e+01
2.550000000000000000e+02 0.000000000000000000e+00 2.789323253198001495e+01
2.550000000000000000e+02 0.000000000000000000e+00 2.766991262720067013e+01
2.550000000000000000e+02 0.000000000000000000e+00 2.853677113035289281e+01
2.550000000000000000e+02 0.000000000000000000e+00 2.770283830800219604e+01
2.550000000000000000e+02 0.000000000000000000e+00 2.768162162869176157e+01
2.550000000000000000e+02 0.000000000000000000e+00 2.721525100060166835e+01
2.550000000000000000e+02 0.000000000000000000e+00 2.709962591885316741e+01
2.550000000000000000e+02 0.000000000000000000e+00 2.711139247128992480e+01
2.549993028487718050e+02 3.230700813561095748e-04 2.730748816281685620e+01
2.550000000000000000e+02 0.000000000000000000e+00 2.693916211055013576e+01
2.550000000000000000e+02 0.000000000000000000e+00 2.814485180631490735e+01
2.549992871530593561e+02 3.243780573939885454e-04 2.817114604860438831e+01
2.550000000000000000e+02 0.000000000000000000e+00 2.815920945928270669e+01
2.550000000000000000e+02 0.000000000000000000e+00 2.818471237606927104e+01
2.550000000000000000e+02 0.000000000000000000e+00 2.791609726109817657e+01
2.550000000000000000e+02 0.000000000000000000e+00 2.788567243048107258e+01
2.550000000000000000e+02 0.000000000000000000e+00 2.847076673555340420e+01
2.550000000000000000e+02 0.000000000000000000e+00 2.789180160619457283e+01
2.549995016611295569e+02 1.975043817197268841e-04 2.811063907709210596e+01
2.549999136735814886e+02 0.000000000000000000e+00 2.815649148507599264e+01
2.549999882282156705e+02 0.000000000000000000e+00 2.795973134172182029e+01
2.549999908441677405e+02 0.000000000000000000e+00 2.896363303424281099e+01
2.550000000000000000e+02 0.000000000000000000e+00 2.730240929186177468e+01
2.550000000000000000e+02 0.000000000000000000e+00 2.723828576660475420e+01
2.550000000000000000e+02 0.000000000000000000e+00 2.660909566536740911e+01
2.550000000000000000e+02 0.000000000000000000e+00 2.799795170952468126e+01
2.550000000000000000e+02 0.000000000000000000e+00 2.765343343709943369e+01
2.550000000000000000e+02 0.000000000000000000e+00 2.700931148141366123e+01
2.549992936929395455e+02 3.034504407879247455e-04 2.721778193423496361e+01
2.549998639704920720e+02 2.092761660606377614e-05 2.696318701441389720e+01
2.549998639704920720e+02 1.569571245454783295e-05 2.715061867266591733e+01
2.549998639704920720e+02 2.615952075757972271e-05 2.657337091584482280e+01
2.549998639704920720e+02 4.185523321212755227e-05 2.639371648311403007e+01
2.549998848981086610e+02 2.615952075757972271e-05 2.720971826196144150e+01
2.549999398331022462e+02 0.000000000000000000e+00 2.727585868626886878e+01
2.549999895361916913e+02 0.000000000000000000e+00 2.611850262903183761e+01
2.549999895361916913e+02 0.000000000000000000e+00 2.702488947602479996e+01
2.549999895361916913e+02 0.000000000000000000e+00 2.611124466999764593e+01
2.549999895361916913e+02 0.000000000000000000e+00 2.663526172600517938e+01
2.549993316242446326e+02 3.204541292803515795e-04 2.666564339341303125e+01
2.549999895361916913e+02 0.000000000000000000e+00 2.686304052109765195e+01
2.549999895361916913e+02 0.000000000000000000e+00 2.724849321160436233e+01
2.550000000000000000e+02 0.000000000000000000e+00 2.715253093363329739e+01
2.550000000000000000e+02 0.000000000000000000e+00 2.733013707588877139e+01
2.550000000000000000e+02 0.000000000000000000e+00 2.630596829466084330e+01
2.550000000000000000e+02 0.000000000000000000e+00 2.718242341800298334e+01
2.550000000000000000e+02 0.000000000000000000e+00 2.761512935883014563e+01
2.550000000000000000e+02 0.000000000000000000e+00 2.658126062730530847e+01
2.549993146205561629e+02 2.668271117273131364e-04 2.634387344023857480e+01
2.549998221152588371e+02 1.569571245454783295e-05 2.594917074319198491e+01
2.549999215214377273e+02 0.000000000000000000e+00 2.587364820676485166e+01
2.549999215214377273e+02 0.000000000000000000e+00 2.458890836319878659e+01
2.549999215214377273e+02 0.000000000000000000e+00 2.444650378005075098e+01
2.549999215214377273e+02 1.307976037878986009e-06 2.464445418159939294e+01
2.549993198524603031e+02 2.825228241818609999e-04 2.560857116697622260e+01
2.550000000000000000e+02 0.000000000000000000e+00 2.537469066366704240e+01
2.550000000000000000e+02 0.000000000000000000e+00 2.498093886519998819e+01
2.550000000000000000e+02 0.000000000000000000e+00 2.474797917702147743e+01
2.550000000000000000e+02 0.000000000000000000e+00 2.538430167159337714e+01
2.550000000000000000e+02 0.000000000000000000e+00 2.611937504904910057e+01
2.550000000000000000e+02 0.000000000000000000e+00 2.558540298741727170e+01
2.550000000000000000e+02 0.000000000000000000e+00 2.506856671985769225e+01
2.550000000000000000e+02 0.000000000000000000e+00 2.547688283150652566e+01
2.550000000000000000e+02 0.000000000000000000e+00 2.571578727077719861e+01
2.549993460119810607e+02 2.877547283333769363e-04 2.557965704868286849e+01
2.549998705103722614e+02 0.000000000000000000e+00 2.579485180631490948e+01
2.549999529128626250e+02 0.000000000000000000e+00 2.598481832212833709e+01
2.549999633766709337e+02 0.000000000000000000e+00 2.599946765375258195e+01
2.549999633766709337e+02 0.000000000000000000e+00 2.677888926674863157e+01
2.550000000000000000e+02 0.000000000000000000e+00 2.639526643471891632e+01
2.550000000000000000e+02 0.000000000000000000e+00 2.681725220393962417e+01
2.550000000000000000e+02 0.000000000000000000e+00 2.582516022706463943e+01
2.550000000000000000e+02 0.000000000000000000e+00 2.589621994925052917e+01
2.550000000000000000e+02 0.000000000000000000e+00 2.626244931592853149e+01
2.550000000000000000e+02 0.000000000000000000e+00 2.681080911397703304e+01
2.550000000000000000e+02 0.000000000000000000e+00 2.628978470714416460e+01
2.550000000000000000e+02 0.000000000000000000e+00 2.637276924686739576e+01
2.550000000000000000e+02 0.000000000000000000e+00 2.636247547544929049e+01
2.550000000000000000e+02 0.000000000000000000e+00 2.651428048238156165e+01
