2.550000000000000000e+02 0.000000000000000000e+00 0.000000000000000000e+00
2.549999938660542398e+02 1.286603020845601293e+02 1.324932281238958790e-04
2.549999950928433918e+02 1.254089403486044034e+02 1.226789149295332282e-05
2.549999950928433918e+02 1.253755434675931326e+02 6.133945746476661411e-06
2.549999889588976600e+02 1.270415807914262132e+02 6.624661406194793951e-05
2.549999901856868121e+02 1.283719281199701641e+02 3.435009618026930322e-05
2.549999178051269837e+02 1.294570071742629409e+02 7.728771640560593394e-05
2.549999435676991197e+02 1.297657360244180040e+02 5.520551171828995185e-05
2.549999055372354917e+02 1.283725451949122487e+02 6.624661406194793951e-05
2.549999447944882718e+02 1.236487923487614324e+02 5.765909001688061878e-05
2.549999251658618959e+02 1.220660675028461526e+02 5.275193341969929169e-05
2.549999116711812519e+02 1.222366684823146130e+02 9.200918619714992201e-05
2.549999411141208441e+02 1.235149852294586452e+02 6.992698150983394669e-05
2.549999165783378601e+02 1.252420565402583179e+02 8.955560789855925507e-05
2.549999362069642359e+02 1.265874860146036980e+02 5.520551171828995185e-05
2.549997951262120637e+02 1.278748859086091159e+02 3.557688532956463669e-05
2.549999300730185041e+02 1.288849443528442009e+02 4.784477682251795782e-05
2.549999006300789119e+02 1.290995232697365793e+02 4.048404192674596379e-05
2.549999202587052878e+02 1.287454449318886702e+02 1.165449691830565643e-04
2.549998969497114558e+02 1.276452420209633800e+02 1.079574451379892368e-04
2.549999582891689158e+02 1.280975334177364289e+02 1.594825894083932153e-05
2.549998454245671837e+02 1.292995561476857915e+02 8.587524045067326144e-05
2.549999582891689158e+02 1.307382890707808372e+02 5.029835512110862475e-05
2.549999730106387119e+02 1.314326026577160178e+02 1.177717583323519045e-04
2.549998785478742320e+02 1.326655686903780520e+02 6.133945746476661919e-05
2.549999202587052878e+02 1.334132549660424729e+02 5.765909001688061878e-05
2.549998736407176239e+02 1.337398262375849072e+02 1.055038668393985834e-04
2.549999288462293521e+02 1.343740983099752668e+02 1.226789149295332384e-04
2.549998307030973876e+02 1.352268774781140905e+02 1.079574451379892368e-04
2.549998846818199638e+02 1.348738811682958385e+02 1.239057040788285515e-04
2.549999006300789119e+02 1.356980970046716095e+02 8.342166215208259451e-05
2.549999300730185041e+02 1.360068000922545366e+02 7.851450555490127419e-05
2.549999239390727439e+02 1.367967750166843359e+02 6.501982491265261282e-05
2.549998638264044359e+02 1.368443400855808250e+02 1.705236917520511826e-04
2.549999497016448800e+02 1.373842978349624957e+02 1.484414870647352209e-04
2.549999509284340320e+02 1.372820057021159528e+02 4.784477682251795782e-05
2.549998724139284718e+02 1.254297430122090020e+02 1.288128606760098854e-04
2.549999116711812519e+02 1.202368709025242453e+02 7.360734895771994031e-05
2.549999263926510480e+02 1.149496697483610035e+02 5.520551171828995185e-05
2.549997067973933156e+02 1.124315979174027404e+02 3.312330703097396975e-05
2.549999374337533879e+02 1.126195996741648031e+02 1.729772700506418631e-04
2.549999202587052878e+02 1.148977483511953892e+02 7.606092725631060725e-05
2.549999901856868121e+02 1.273940176853923703e+02 3.680367447885997016e-05
2.549999165783378601e+02 1.275375790052212182e+02 4.907156597181329128e-05
2.549998368370431479e+02 1.252625414654732481e+02 1.361735955717818997e-04
2.549999116711812519e+02 1.183480032779806095e+02 3.557688532956463669e-05
2.549999386605425400e+02 1.110378525792015125e+02 7.606092725631060725e-05
2.549999595159580679e+02 1.172755846877085588e+02 1.594825894083932153e-05
2.549999374337533879e+02 1.255929121030110309e+02 7.728771640560593394e-05
2.549999607427472199e+02 1.285365288737094147e+02 1.374003847210772129e-04
2.549999509284340320e+02 1.416029276096258798e+02 1.631629568562791954e-04
2.549998527853020960e+02 1.444788207121265771e+02 1.962862638872531651e-04
2.549998687335610157e+02 1.451452874121619061e+02 2.085541553802064863e-05
2.549997718172182317e+02 1.345393050975542621e+02 9.691634279433125588e-05
2.549998760942959279e+02 1.321046254858084978e+02 7.728771640560593394e-05
2.549999190319161357e+02 1.302412836630942650e+02 2.073273662309111731e-04
2.549998503317237919e+02 1.287054908628744272e+02 2.576257213520197708e-04
2.549999730106387119e+02 1.281950005888587896e+02 7.360734895771994031e-05
2.549999521552231840e+02 1.261567419424488605e+02 6.870019236053860644e-05
2.549999766910061680e+02 1.226538209574843989e+02 6.870019236053860644e-05
2.549994724806658155e+02 1.191279504279040538e+02 4.195618890590036530e-04
2.549998000333686718e+02 1.159554651003022769e+02 1.324932281238958790e-04
2.549999239390727439e+02 1.116983693518627518e+02 4.416440937463196419e-05
2.549999668766929801e+02 1.069945542829662770e+02 1.104110234365799105e-05
2.549999840517410519e+02 1.012288207121265629e+02 1.104110234365799105e-05
2.549999950928433918e+02 9.173817375260078677e+01 8.710202959996858813e-05
2.549999840517410519e+02 9.252550371962469455e+01 6.133945746476661411e-06
2.549994160483649352e+02 9.021369930907235357e+01 7.054037608448160326e-04
2.549999754642170160e+02 9.898119332234129786e+01 8.587524045067326144e-05
2.549999877321085080e+02 9.838045062419031694e+01 5.520551171828995185e-05
2.549999877321085080e+02 9.748554106308640144e+01 4.784477682251795782e-05
2.549999386605425400e+02 9.703886713382797780e+01 6.870019236053860644e-05
2.549998699603501677e+02 9.628730175087346765e+01 2.245024143210458010e-04
2.549999656499038281e+02 9.724209211714364187e+01 6.133945746476661919e-05
2.549999509284340320e+02 1.004135641169081055e+02 8.219487300278726781e-05
2.549999312998076277e+02 1.015267157873041981e+02 7.606092725631060725e-05
2.549999570623797638e+02 1.003428777529148448e+02 5.029835512110862475e-05
2.549999337533859318e+02 1.017653078750049076e+02 8.219487300278726781e-05
2.549999681034821322e+02 1.024158373572017382e+02 5.520551171828995185e-05
2.549998417441997276e+02 9.735148981274289781e+01 2.441310407097711365e-04
2.549999153515487080e+02 9.140113919640403140e+01 1.349468064224865595e-04
2.549998662799827400e+02 8.908961326698857874e+01 4.416440937463196419e-05
2.549999705570604078e+02 8.770590183723942346e+01 5.888587916617595225e-05
2.549998037137360996e+02 8.791001624268834291e+01 3.066972873238330959e-05
2.549998785478742320e+02 8.956758994818042652e+01 4.490048286420916020e-04
2.549999043104463681e+02 8.842427521297059911e+01 2.134613119773878201e-04
2.549999595159580679e+02 8.960064455501904490e+01 7.851450555490127419e-05
2.549998748675067759e+02 9.037130613787147126e+01 2.797079260393357867e-04
2.549998564656695237e+02 8.936527278883524161e+01 3.177383896674910633e-04
2.549999730106387119e+02 8.870470081066227408e+01 1.349468064224865595e-04
2.549999227122835919e+02 8.692214550700741427e+01 5.974463157068268500e-04
2.549999018568680640e+02 8.559436462136379475e+01 9.814313194362658257e-05
2.549998859086091159e+02 8.325634740705845616e+01 9.568955364503591563e-05
2.549998981765006079e+02 7.967707229223098864e+01 6.747340321124327975e-05
2.549999619695363720e+02 7.559946438385742340e+01 1.091842342872845770e-04
2.549999668766929801e+02 7.176029153417343309e+01 4.539119852392729766e-05
2.549999239390727439e+02 6.466112526007930228e+01 1.631629568562791954e-04
2.549999717838495599e+02 6.105096450162917421e+01 1.226789149295332282e-05
2.549999656499038281e+02 6.116269186982295025e+01 7.483413810701526701e-05
2.549997288795979955e+02 5.839402504612727540e+01 1.005967102422172495e-04
2.549999681034821322e+02 5.181557556039728496e+01 9.568955364503591563e-05
2.549999533820123361e+02 4.794843437168766798e+01 2.208220468731598209e-05
2.549998478781454878e+02 3.682028029678482994e+01 7.238055980842460007e-05
2.549999214854944398e+02 2.864188552585090264e+01 1.189985474816472312e-04
2.549998834550308118e+02 2.144651199309072354e+01 8.869685549405253045e-04
2.549998687335610157e+02 1.657225174694774950e+01 5.716837435716248675e-04
2.549997288795979955e+02 1.281652509519883765e+01 4.661798767322262570e-04
2.549997791779531155e+02 1.007943459741687242e+01 1.849998037137361162e-03
2.549998098476818598e+02 8.397847721116475483e+00 2.729237820437325768e-01
2.549998024869469759e+02 5.512988016723589624e+00 1.856832479488085497e+00
2.549997828583205717e+02 3.031069661995053455e+00 3.762405291877674252e+00
2.549998159816275916e+02 1.228385201978565489e+00 6.607970939818631706e+00
2.549999681034821322e+02 3.337332665960036082e-01 9.482093785576886091e+00
2.549999141247595560e+02 7.367727593922977769e-02 1.404983830919012355e+01
2.550000000000000000e+02 2.968216346720056395e-02 1.884143750245358007e+01
2.550000000000000000e+02 1.053689200329760954e-02 2.481104748164723262e+01
2.550000000000000000e+02 3.814087465159188371e-03 3.017712013700781171e+01
2.550000000000000000e+02 8.701615435951791377e-03 3.751598996977191547e+01
2.549999300730185041e+02 2.117438071683743709e-03 4.349654045459898555e+01
2.549999644231146760e+02 2.846150826365170935e-04 4.818737977466336986e+01
2.550000000000000000e+02 0.000000000000000000e+00 5.162242987673222672e+01
2.550000000000000000e+02 0.000000000000000000e+00 5.553527141483139218e+01
2.550000000000000000e+02 0.000000000000000000e+00 5.814092740352530342e+01
2.550000000000000000e+02 0.000000000000000000e+00 5.985802369175205229e+01
2.550000000000000000e+02 0.000000000000000000e+00 6.134460997919365610e+01
2.550000000000000000e+02 0.000000000000000000e+00 6.284975758646410071e+01
2.550000000000000000e+02 0.000000000000000000e+00 6.660942713853884811e+01
2.550000000000000000e+02 0.000000000000000000e+00 6.881947429631374291e+01
2.550000000000000000e+02 0.000000000000000000e+00 6.973198460134260301e+01
2.550000000000000000e+02 0.000000000000000000e+00 7.070026474109842241e+01
2.550000000000000000e+02 0.000000000000000000e+00 7.259705742354650226e+01
2.550000000000000000e+02 0.000000000000000000e+00 7.503161312958819451e+01
2.550000000000000000e+02 0.000000000000000000e+00 7.672573411062694504e+01
2.550000000000000000e+02 0.000000000000000000e+00 7.892182899540689789e+01
2.550000000000000000e+02 0.000000000000000000e+00 8.444158888823460529e+01
2.550000000000000000e+02 0.000000000000000000e+00 8.858548880186864949e+01
2.550000000000000000e+02 0.000000000000000000e+00 9.178132974129469801e+01
2.550000000000000000e+02 0.000000000000000000e+00 9.440264937384681332e+01
2.550000000000000000e+02 0.000000000000000000e+00 9.745211964629214663e+01
2.550000000000000000e+02 0.000000000000000000e+00 9.891643848388490312e+01
2.550000000000000000e+02 0.000000000000000000e+00 1.004798414006987741e+02
2.549998135280493159e+02 4.907156597181329128e-05 1.019249928846229380e+02
2.550000000000000000e+02 0.000000000000000000e+00 1.040623319298865397e+02
2.550000000000000000e+02 0.000000000000000000e+00 1.050364331841557686e+02
2.549997251992305678e+02 1.275860715267145722e-04 1.054058574274722275e+02
2.550000000000000000e+02 0.000000000000000000e+00 1.054337693341969953e+02
2.550000000000000000e+02 0.000000000000000000e+00 1.048795428002198378e+02
2.550000000000000000e+02 0.000000000000000000e+00 1.058342706002433999e+02
2.550000000000000000e+02 0.000000000000000000e+00 1.083282752816707841e+02
2.550000000000000000e+02 0.000000000000000000e+00 1.080639120343108459e+02
2.550000000000000000e+02 0.000000000000000000e+00 1.076794326345542316e+02
2.550000000000000000e+02 0.000000000000000000e+00 1.082288624229576470e+02
2.550000000000000000e+02 0.000000000000000000e+00 1.091881195285203887e+02
2.550000000000000000e+02 0.000000000000000000e+00 1.126546919777803879e+02
2.550000000000000000e+02 0.000000000000000000e+00 1.159292412554469394e+02
2.550000000000000000e+02 0.000000000000000000e+00 1.165718039689082559e+02
2.550000000000000000e+02 0.000000000000000000e+00 1.167989341655870987e+02
2.550000000000000000e+02 0.000000000000000000e+00 1.127302707769010368e+02
2.550000000000000000e+02 0.000000000000000000e+00 1.063509561594629673e+02
2.550000000000000000e+02 0.000000000000000000e+00 1.017246876594825835e+02
2.549999411141208441e+02 0.000000000000000000e+00 9.616487800808700115e+01
2.550000000000000000e+02 0.000000000000000000e+00 9.245592391944411759e+01
2.550000000000000000e+02 0.000000000000000000e+00 9.138612820437326434e+01
2.550000000000000000e+02 0.000000000000000000e+00 9.199237427864798633e+01
2.550000000000000000e+02 0.000000000000000000e+00 9.264450349389549899e+01
2.550000000000000000e+02 0.000000000000000000e+00 9.383085644604091158e+01
2.550000000000000000e+02 0.000000000000000000e+00 9.493118939661601985e+01
2.550000000000000000e+02 0.000000000000000000e+00 9.595025247320693040e+01
2.550000000000000000e+02 0.000000000000000000e+00 9.577028250500529793e+01
2.550000000000000000e+02 0.000000000000000000e+00 9.546614920700349671e+01
2.550000000000000000e+02 0.000000000000000000e+00 9.615739091390884141e+01
2.550000000000000000e+02 0.000000000000000000e+00 9.718314612530915042e+01
2.550000000000000000e+02 0.000000000000000000e+00 9.664256516703960642e+01
2.550000000000000000e+02 0.000000000000000000e+00 9.725287927413339162e+01
2.550000000000000000e+02 0.000000000000000000e+00 9.770954417422369431e+01
2.550000000000000000e+02 0.000000000000000000e+00 9.883812026459388278e+01
2.550000000000000000e+02 0.000000000000000000e+00 9.859615573352176909e+01
2.550000000000000000e+02 0.000000000000000000e+00 9.701581699250186830e+01
2.550000000000000000e+02 0.000000000000000000e+00 9.414389746005574011e+01
2.550000000000000000e+02 0.000000000000000000e+00 9.362679724610372034e+01
2.550000000000000000e+02 0.000000000000000000e+00 9.377547673026342068e+01
2.550000000000000000e+02 0.000000000000000000e+00 9.518197208809327492e+01
2.550000000000000000e+02 0.000000000000000000e+00 9.401732103599890422e+01
2.550000000000000000e+02 0.000000000000000000e+00 9.270141424253131390e+01
2.550000000000000000e+02 0.000000000000000000e+00 9.310346862364072251e+01
2.550000000000000000e+02 0.000000000000000000e+00 9.261281307659089634e+01
2.550000000000000000e+02 0.000000000000000000e+00 9.111445452047266258e+01
2.550000000000000000e+02 0.000000000000000000e+00 8.917031759117496392e+01
2.550000000000000000e+02 0.000000000000000000e+00 8.751098712362109211e+01
2.550000000000000000e+02 0.000000000000000000e+00 8.639542358575747016e+01
2.550000000000000000e+02 0.000000000000000000e+00 8.503498802653790278e+01
2.550000000000000000e+02 0.000000000000000000e+00 8.486058522749577548e+01
2.550000000000000000e+02 0.000000000000000000e+00 8.447813861735956209e+01
2.550000000000000000e+02 0.000000000000000000e+00 8.504526115887409787e+01
2.550000000000000000e+02 0.000000000000000000e+00 8.509475596710241518e+01
2.550000000000000000e+02 0.000000000000000000e+00 8.557754779570525727e+01
2.550000000000000000e+02 0.000000000000000000e+00 8.740341611706513447e+01
2.550000000000000000e+02 0.000000000000000000e+00 8.767907563891178313e+01
2.550000000000000000e+02 0.000000000000000000e+00 8.754085698582812824e+01
2.550000000000000000e+02 0.000000000000000000e+00 8.734378189651788205e+01
2.550000000000000000e+02 0.000000000000000000e+00 8.795302378989518388e+01
2.550000000000000000e+02 0.000000000000000000e+00 8.724610494445099107e+01
2.550000000000000000e+02 0.000000000000000000e+00 9.305756217367408567e+01
2.550000000000000000e+02 0.000000000000000000e+00 9.316885893887645409e+01
2.550000000000000000e+02 0.000000000000000000e+00 9.172459565029639350e+01
2.550000000000000000e+02 0.000000000000000000e+00 9.161797172496368091e+01
2.550000000000000000e+02 0.000000000000000000e+00 9.123180549012680274e+01
2.550000000000000000e+02 0.000000000000000000e+00 9.260193759078239850e+01
2.550000000000000000e+02 0.000000000000000000e+00 9.325253331959329728e+01
2.550000000000000000e+02 0.000000000000000000e+00 9.355053021827032467e+01
2.550000000000000000e+02 0.000000000000000000e+00 9.511056191850194352e+01
2.550000000000000000e+02 0.000000000000000000e+00 9.624857937816511821e+01
2.550000000000000000e+02 0.000000000000000000e+00 9.569802339732265750e+01
2.550000000000000000e+02 0.000000000000000000e+00 9.570712003886468722e+01
2.550000000000000000e+02 0.000000000000000000e+00 9.664318224198170526e+01
2.550000000000000000e+02 0.000000000000000000e+00 9.829618002394693121e+01
2.550000000000000000e+02 0.000000000000000000e+00 9.910055990656773872e+01
2.550000000000000000e+02 0.000000000000000000e+00 9.892931731637419546e+01
2.550000000000000000e+02 0.000000000000000000e+00 9.836797540533113704e+01
2.550000000000000000e+02 0.000000000000000000e+00 9.822629843363561974e+01
2.550000000000000000e+02 0.000000000000000000e+00 9.870259564048207324e+01
2.550000000000000000e+02 0.000000000000000000e+00 1.001966309916382016e+02
2.550000000000000000e+02 0.000000000000000000e+00 1.022090718604012096e+02
2.550000000000000000e+02 0.000000000000000000e+00 1.036360460095002622e+02
2.550000000000000000e+02 0.000000000000000000e+00 1.045423867918973002e+02
2.550000000000000000e+02 0.000000000000000000e+00 1.033131710536646608e+02
2.550000000000000000e+02 0.000000000000000000e+00 1.031085413967730489e+02
2.550000000000000000e+02 0.000000000000000000e+00 1.017463797452204233e+02
2.550000000000000000e+02 0.000000000000000000e+00 1.016428227927609669e+02
2.550000000000000000e+02 0.000000000000000000e+00 1.005656013229694139e+02
2.550000000000000000e+02 0.000000000000000000e+00 9.946676382836729147e+01
2.550000000000000000e+02 0.000000000000000000e+00 9.792838127625329037e+01
2.550000000000000000e+02 0.000000000000000000e+00 9.787123498410080913e+01
2.550000000000000000e+02 0.000000000000000000e+00 9.723916990539001404e+01
2.550000000000000000e+02 0.000000000000000000e+00 9.803118743375338795e+01
2.550000000000000000e+02 0.000000000000000000e+00 9.759561349271777431e+01
2.550000000000000000e+02 0.000000000000000000e+00 9.920623429709888796e+01
2.550000000000000000e+02 0.000000000000000000e+00 9.987069397008596638e+01
2.550000000000000000e+02 0.000000000000000000e+00 1.004581996133160544e+02
2.550000000000000000e+02 0.000000000000000000e+00 9.948001069760138648e+01
2.550000000000000000e+02 0.000000000000000000e+00 1.003668700683076196e+02
2.550000000000000000e+02 0.000000000000000000e+00 1.001801858830918945e+02
2.550000000000000000e+02 0.000000000000000000e+00 1.003020011384603265e+02
2.550000000000000000e+02 0.000000000000000000e+00 1.008188707160522881e+02
2.550000000000000000e+02 0.000000000000000000e+00 1.010892440034546382e+02
2.550000000000000000e+02 0.000000000000000000e+00 1.004633509009539551e+02
2.550000000000000000e+02 0.000000000000000000e+00 1.019443994621756389e+02
2.550000000000000000e+02 0.000000000000000000e+00 1.019013600184509158e+02
2.550000000000000000e+02 0.000000000000000000e+00 1.024118993640325073e+02
2.550000000000000000e+02 0.000000000000000000e+00 1.018299314470223322e+02
2.550000000000000000e+02 0.000000000000000000e+00 1.019350034840811787e+02
2.550000000000000000e+02 0.000000000000000000e+00 1.029923571035998862e+02
2.550000000000000000e+02 0.000000000000000000e+00 1.037640283339221980e+02
2.550000000000000000e+02 0.000000000000000000e+00 1.026220299434695562e+02
2.550000000000000000e+02 0.000000000000000000e+00 9.984616677462410905e+01
2.550000000000000000e+02 0.000000000000000000e+00 9.668406989753856351e+01
2.550000000000000000e+02 0.000000000000000000e+00 9.632821271542417207e+01
2.550000000000000000e+02 0.000000000000000000e+00 9.443795881914184065e+01
2.550000000000000000e+02 0.000000000000000000e+00 9.474175106976014149e+01
2.550000000000000000e+02 0.000000000000000000e+00 9.459210119538334993e+01
2.550000000000000000e+02 0.000000000000000000e+00 9.432219899501433247e+01
2.550000000000000000e+02 0.000000000000000000e+00 9.480083691555765313e+01
2.550000000000000000e+02 0.000000000000000000e+00 9.408797550347426863e+01
2.550000000000000000e+02 0.000000000000000000e+00 9.455167971970321616e+01
2.550000000000000000e+02 0.000000000000000000e+00 9.371874877321084796e+01
2.550000000000000000e+02 0.000000000000000000e+00 9.205976426019707048e+01
2.550000000000000000e+02 0.000000000000000000e+00 9.109324578965963326e+01
2.550000000000000000e+02 0.000000000000000000e+00 8.997819136929297201e+01
2.550000000000000000e+02 0.000000000000000000e+00 8.917077395673850049e+01
2.550000000000000000e+02 0.000000000000000000e+00 8.848034683782829291e+01
2.550000000000000000e+02 0.000000000000000000e+00 8.769117423350213869e+01
2.550000000000000000e+02 0.000000000000000000e+00 8.775102804930710931e+01
2.550000000000000000e+02 0.000000000000000000e+00 8.732689269029953039e+01
2.550000000000000000e+02 0.000000000000000000e+00 8.765693454834530485e+01
2.550000000000000000e+02 0.000000000000000000e+00 8.623928767714835431e+01
2.550000000000000000e+02 0.000000000000000000e+00 8.359846700427904409e+01
2.550000000000000000e+02 0.000000000000000000e+00 8.307245171357908475e+01
2.550000000000000000e+02 0.000000000000000000e+00 8.518131943626585212e+01
2.550000000000000000e+02 0.000000000000000000e+00 8.386619901464295879e+01
2.550000000000000000e+02 0.000000000000000000e+00 8.164068081890629003e+01
2.550000000000000000e+02 0.000000000000000000e+00 7.946050352333843136e+01
2.549998846818199638e+02 2.208220468731598209e-05 7.886648117614728903e+01
2.549999435676991197e+02 0.000000000000000000e+00 7.921286141208338449e+01
2.549999460212774238e+02 0.000000000000000000e+00 7.907110960624974894e+01
2.550000000000000000e+02 0.000000000000000000e+00 7.953713490754917359e+01
2.550000000000000000e+02 0.000000000000000000e+00 7.967315024732069162e+01
2.550000000000000000e+02 0.000000000000000000e+00 7.803506408746515888e+01
2.550000000000000000e+02 0.000000000000000000e+00 7.548389961920464941e+01
2.550000000000000000e+02 0.000000000000000000e+00 7.362218819926981439e+01
2.550000000000000000e+02 0.000000000000000000e+00 7.200958490362344833e+01
2.550000000000000000e+02 0.000000000000000000e+00 7.066685313861735551e+01
2.550000000000000000e+02 0.000000000000000000e+00 6.983201330820868691e+01
2.550000000000000000e+02 0.000000000000000000e+00 7.135406729674556914e+01
2.550000000000000000e+02 0.000000000000000000e+00 7.180514171868252049e+01
2.550000000000000000e+02 0.000000000000000000e+00 7.210799670239076420e+01
2.550000000000000000e+02 0.000000000000000000e+00 7.272241319239979873e+01
2.550000000000000000e+02 0.000000000000000000e+00 7.424577125780237452e+01
2.550000000000000000e+02 0.000000000000000000e+00 7.328743669767989388e+01
2.550000000000000000e+02 0.000000000000000000e+00 7.398768549051936816e+01
2.550000000000000000e+02 0.000000000000000000e+00 7.592078990499744862e+01
2.550000000000000000e+02 0.000000000000000000e+00 7.792349742864993800e+01
2.550000000000000000e+02 0.000000000000000000e+00 7.963258891767753767e+01
2.550000000000000000e+02 0.000000000000000000e+00 8.080014255289914615e+01
2.550000000000000000e+02 0.000000000000000000e+00 8.164151380873866515e+01
2.550000000000000000e+02 0.000000000000000000e+00 8.271559224472972005e+01
2.549997828583205717e+02 4.416440937463196419e-05 8.541314332822989286e+01
2.549998319298865397e+02 1.962862638872531855e-05 8.586489984493384497e+01
2.549999018568680640e+02 0.000000000000000000e+00 8.756293919051545060e+01
2.549999374337533879e+02 0.000000000000000000e+00 8.939164262159934538e+01
2.549999803713736242e+02 0.000000000000000000e+00 8.998486264868684259e+01
2.549999803713736242e+02 0.000000000000000000e+00 8.951057614925608164e+01
2.549999803713736242e+02 0.000000000000000000e+00 8.872759637655556730e+01
2.549999803713736242e+02 0.000000000000000000e+00 8.798817865975739494e+01
2.549999730106387119e+02 0.000000000000000000e+00 8.696337420994778711e+01
2.549997521885918559e+02 8.587524045067326144e-05 8.631069539316138162e+01
2.549999730106387119e+02 0.000000000000000000e+00 8.666538099163820164e+01
2.550000000000000000e+02 0.000000000000000000e+00 8.646240627330899997e+01
2.550000000000000000e+02 0.000000000000000000e+00 8.721987987280650145e+01
2.550000000000000000e+02 0.000000000000000000e+00 8.619956056412672751e+01
2.550000000000000000e+02 0.000000000000000000e+00 8.729345041808974770e+01
2.550000000000000000e+02 0.000000000000000000e+00 8.741136203038512065e+01
2.550000000000000000e+02 0.000000000000000000e+00 8.766853752011934375e+01
2.550000000000000000e+02 0.000000000000000000e+00 8.836200216896321535e+01
2.550000000000000000e+02 0.000000000000000000e+00 8.817478187688925573e+01
2.550000000000000000e+02 0.000000000000000000e+00 8.896529536175557951e+01
2.550000000000000000e+02 0.000000000000000000e+00 8.952136575982412126e+01
2.550000000000000000e+02 0.000000000000000000e+00 8.869427555647155259e+01
2.550000000000000000e+02 0.000000000000000000e+00 8.805259245083028929e+01
2.550000000000000000e+02 0.000000000000000000e+00 8.735199524987241659e+01
2.550000000000000000e+02 0.000000000000000000e+00 8.759678384956620789e+01
2.550000000000000000e+02 0.000000000000000000e+00 8.773926068778706622e+01
2.550000000000000000e+02 0.000000000000000000e+00 8.806022307933891113e+01
2.550000000000000000e+02 0.000000000000000000e+00 8.714245230243787432e+01
2.550000000000000000e+02 0.000000000000000000e+00 8.624885049856710850e+01
2.550000000000000000e+02 0.000000000000000000e+00 8.670604414478074773e+01
2.550000000000000000e+02 0.000000000000000000e+00 8.598767935657362216e+01
2.550000000000000000e+02 0.000000000000000000e+00 8.464109670042790867e+01
2.550000000000000000e+02 0.000000000000000000e+00 8.498951217956268067e+01
2.550000000000000000e+02 0.000000000000000000e+00 8.514935667177010714e+01
2.550000000000000000e+02 0.000000000000000000e+00 8.535793536293330419e+01
2.550000000000000000e+02 0.000000000000000000e+00 8.568420239076669986e+01
2.550000000000000000e+02 0.000000000000000000e+00 8.613723354139676758e+01
2.550000000000000000e+02 0.000000000000000000e+00 8.593340620460880075e+01
2.550000000000000000e+02 0.000000000000000000e+00 8.519922197032151701e+01
2.550000000000000000e+02 0.000000000000000000e+00 8.413901361245240196e+01
2.550000000000000000e+02 0.000000000000000000e+00 8.384722058650335441e+01
2.550000000000000000e+02 0.000000000000000000e+00 8.326220655203549370e+01
2.550000000000000000e+02 0.000000000000000000e+00 8.307010854630392771e+01
2.550000000000000000e+02 0.000000000000000000e+00 8.368126913791073207e+01
2.550000000000000000e+02 0.000000000000000000e+00 8.377132282220389925e+01
2.550000000000000000e+02 0.000000000000000000e+00 8.401376702783339567e+01
2.550000000000000000e+02 0.000000000000000000e+00 8.321831571664114335e+01
2.550000000000000000e+02 0.000000000000000000e+00 8.307241736348289862e+01
2.550000000000000000e+02 0.000000000000000000e+00 8.355973972441408648e+01
2.550000000000000000e+02 0.000000000000000000e+00 8.380829579358535852e+01
2.550000000000000000e+02 0.000000000000000000e+00 8.461767238841126471e+01
2.550000000000000000e+02 0.000000000000000000e+00 8.433534158717073126e+01
2.550000000000000000e+02 0.000000000000000000e+00 8.496077832410787778e+01
2.550000000000000000e+02 0.000000000000000000e+00 8.577249808620892679e+01
2.550000000000000000e+02 0.000000000000000000e+00 8.611429626467240439e+01
2.550000000000000000e+02 0.000000000000000000e+00 8.570173198092096811e+01
2.550000000000000000e+02 0.000000000000000000e+00 8.585791205393947223e+01
2.550000000000000000e+02 0.000000000000000000e+00 8.571670616927727337e+01
2.550000000000000000e+02 0.000000000000000000e+00 8.642348025360185204e+01
2.550000000000000000e+02 0.000000000000000000e+00 8.715188999136340442e+01
2.550000000000000000e+02 0.000000000000000000e+00 8.719169807246889548e+01
2.550000000000000000e+02 0.000000000000000000e+00 8.911236652534056191e+01
2.550000000000000000e+02 0.000000000000000000e+00 8.919837916617595397e+01
2.550000000000000000e+02 0.000000000000000000e+00 8.876229365406508975e+01
2.550000000000000000e+02 0.000000000000000000e+00 8.893327616495898269e+01
2.550000000000000000e+02 0.000000000000000000e+00 8.925443606956385167e+01
2.550000000000000000e+02 0.000000000000000000e+00 9.004125323872335684e+01
2.550000000000000000e+02 0.000000000000000000e+00 9.019420808306834658e+01
2.550000000000000000e+02 0.000000000000000000e+00 9.039518068150590580e+01
2.550000000000000000e+02 0.000000000000000000e+00 8.938886885133278781e+01
2.550000000000000000e+02 0.000000000000000000e+00 8.778400782200760943e+01
2.550000000000000000e+02 0.000000000000000000e+00 8.714448509205826099e+01
2.550000000000000000e+02 0.000000000000000000e+00 8.690156611902799000e+01
2.550000000000000000e+02 0.000000000000000000e+00 8.735473221646449815e+01
2.550000000000000000e+02 0.000000000000000000e+00 8.899741392847327859e+01
2.550000000000000000e+02 0.000000000000000000e+00 8.951286533780866250e+01
2.550000000000000000e+02 0.000000000000000000e+00 8.936031288030463315e+01
2.550000000000000000e+02 0.000000000000000000e+00 8.902852775487771453e+01
2.550000000000000000e+02 0.000000000000000000e+00 9.012526375966709224e+01
2.550000000000000000e+02 0.000000000000000000e+00 8.879743134887920064e+01
2.550000000000000000e+02 0.000000000000000000e+00 8.937497791779530587e+01
2.550000000000000000e+02 0.000000000000000000e+00 8.957670131119223811e+01
2.550000000000000000e+02 0.000000000000000000e+00 8.973747080241824392e+01
2.550000000000000000e+02 0.000000000000000000e+00 9.043573587720331375e+01
2.550000000000000000e+02 0.000000000000000000e+00 9.040461469006399398e+01
2.550000000000000000e+02 0.000000000000000000e+00 9.006342745259686922e+01
2.550000000000000000e+02 0.000000000000000000e+00 9.092412922506183293e+01
2.550000000000000000e+02 0.000000000000000000e+00 9.062284453146469332e+01
2.550000000000000000e+02 0.000000000000000000e+00 9.179507100655595764e+01
2.550000000000000000e+02 0.000000000000000000e+00 9.230893617752130353e+01
2.550000000000000000e+02 0.000000000000000000e+00 9.250023431672751428e+01
2.550000000000000000e+02 0.000000000000000000e+00 9.295229507714050499e+01
2.550000000000000000e+02 0.000000000000000000e+00 9.265482937816511821e+01
2.550000000000000000e+02 0.000000000000000000e+00 9.204412637891100246e+01
2.550000000000000000e+02 0.000000000000000000e+00 9.151954888509402508e+01
2.550000000000000000e+02 0.000000000000000000e+00 9.057023981274289781e+01
2.550000000000000000e+02 0.000000000000000000e+00 9.125233580654025900e+01
2.550000000000000000e+02 0.000000000000000000e+00 9.197983772033133221e+01
2.550000000000000000e+02 0.000000000000000000e+00 9.337950476975620973e+01
2.550000000000000000e+02 0.000000000000000000e+00 9.309451797000745898e+01
2.550000000000000000e+02 0.000000000000000000e+00 9.306487015663644513e+01
2.550000000000000000e+02 0.000000000000000000e+00 9.337107672830055094e+01
2.550000000000000000e+02 0.000000000000000000e+00 9.296990808895694158e+01
2.550000000000000000e+02 0.000000000000000000e+00 9.350957386252109416e+01
2.550000000000000000e+02 0.000000000000000000e+00 9.332689514387783447e+01
2.550000000000000000e+02 0.000000000000000000e+00 9.413231043654064933e+01
2.550000000000000000e+02 0.000000000000000000e+00 9.488920744513798411e+01
2.550000000000000000e+02 0.000000000000000000e+00 9.633612305185883429e+01
2.550000000000000000e+02 0.000000000000000000e+00 9.755377507557021488e+01
2.550000000000000000e+02 0.000000000000000000e+00 9.748155154477289841e+01
2.550000000000000000e+02 0.000000000000000000e+00 9.756457082008401471e+01
2.550000000000000000e+02 0.000000000000000000e+00 9.750087470066344508e+01
2.550000000000000000e+02 0.000000000000000000e+00 9.748628449731087642e+01
2.550000000000000000e+02 0.000000000000000000e+00 9.708393814038393543e+01
2.550000000000000000e+02 0.000000000000000000e+00 9.691148838966749679e+01
2.550000000000000000e+02 0.000000000000000000e+00 9.822440059082165931e+01
2.550000000000000000e+02 0.000000000000000000e+00 9.779120171357908475e+01
2.550000000000000000e+02 0.000000000000000000e+00 9.738826281749302893e+01
2.550000000000000000e+02 0.000000000000000000e+00 9.662423571035998293e+01
2.550000000000000000e+02 0.000000000000000000e+00 9.483083191025791336e+01
2.550000000000000000e+02 0.000000000000000000e+00 9.295772607270443189e+01
2.550000000000000000e+02 0.000000000000000000e+00 9.309326909865347943e+01
2.550000000000000000e+02 0.000000000000000000e+00 9.382236215797118462e+01
2.550000000000000000e+02 0.000000000000000000e+00 9.390597151886311167e+01
2.550000000000000000e+02 0.000000000000000000e+00 9.422925499548541950e+01
2.550000000000000000e+02 0.000000000000000000e+00 9.442413167864012280e+01
2.549996724472971437e+02 1.324932281238958790e-04 9.439380913123699202e+01
2.550000000000000000e+02 0.000000000000000000e+00 9.447782333254818354e+01
2.550000000000000000e+02 0.000000000000000000e+00 9.404365161151022789e+01
2.550000000000000000e+02 0.000000000000000000e+00 9.362821050720370408e+01
2.550000000000000000e+02 0.000000000000000000e+00 9.561597328543948038e+01
2.550000000000000000e+02 0.000000000000000000e+00 9.724178541985631341e+01
2.550000000000000000e+02 0.000000000000000000e+00 9.906715198445412796e+01
2.550000000000000000e+02 0.000000000000000000e+00 1.008531803281906321e+02
2.550000000000000000e+02 0.000000000000000000e+00 1.027151861775213035e+02
2.550000000000000000e+02 0.000000000000000000e+00 1.038859760825187522e+02
2.550000000000000000e+02 0.000000000000000000e+00 1.054046024221725020e+02
2.550000000000000000e+02 0.000000000000000000e+00 1.069166261826247393e+02
2.550000000000000000e+02 0.000000000000000000e+00 1.083760464511443473e+02
2.550000000000000000e+02 0.000000000000000000e+00 1.077564038393593222e+02
2.550000000000000000e+02 0.000000000000000000e+00 1.067378474266870825e+02
2.549998687335610157e+02 6.133945746476661919e-05 1.059970495720959462e+02
2.550000000000000000e+02 0.000000000000000000e+00 1.055554631374396450e+02
2.550000000000000000e+02 0.000000000000000000e+00 1.054207469673772266e+02
2.550000000000000000e+02 0.000000000000000000e+00 1.026192426785223546e+02
2.550000000000000000e+02 0.000000000000000000e+00 1.023754220154673646e+02
2.550000000000000000e+02 0.000000000000000000e+00 1.044822888450516274e+02
2.550000000000000000e+02 0.000000000000000000e+00 1.055800124151061965e+02
2.550000000000000000e+02 0.000000000000000000e+00 1.083298467985710403e+02
2.550000000000000000e+02 0.000000000000000000e+00 1.104580708004553884e+02
2.550000000000000000e+02 0.000000000000000000e+00 1.101719884779963081e+02
2.550000000000000000e+02 0.000000000000000000e+00 1.097037856259568969e+02
2.550000000000000000e+02 0.000000000000000000e+00 1.071908012896007563e+02
2.550000000000000000e+02 0.000000000000000000e+00 1.062283324500451442e+02
2.550000000000000000e+02 0.000000000000000000e+00 1.063258707749381671e+02
2.550000000000000000e+02 0.000000000000000000e+00 1.060852483511953892e+02
2.550000000000000000e+02 0.000000000000000000e+00 1.062037880795352009e+02
2.550000000000000000e+02 0.000000000000000000e+00 1.071892113708632621e+02
2.550000000000000000e+02 0.000000000000000000e+00 1.073615715659718148e+02
2.550000000000000000e+02 0.000000000000000000e+00 1.079900470596317632e+02
2.550000000000000000e+02 0.000000000000000000e+00 1.084152190554705015e+02
2.549997644564833479e+02 6.624661406194793951e-05 1.092510084206807193e+02
2.550000000000000000e+02 0.000000000000000000e+00 1.099617769304754091e+02
2.550000000000000000e+02 0.000000000000000000e+00 1.109413386232481429e+02
2.550000000000000000e+02 0.000000000000000000e+00 1.106435306501001037e+02
2.550000000000000000e+02 0.000000000000000000e+00 1.113137635928237756e+02
2.550000000000000000e+02 0.000000000000000000e+00 1.111545472166607738e+02
2.550000000000000000e+02 0.000000000000000000e+00 1.108020514368154466e+02
2.550000000000000000e+02 0.000000000000000000e+00 1.121621545361755636e+02
2.550000000000000000e+02 0.000000000000000000e+00 1.114080681015192624e+02
2.550000000000000000e+02 0.000000000000000000e+00 1.093603668590272093e+02
2.550000000000000000e+02 0.000000000000000000e+00 1.079525674243316473e+02
2.550000000000000000e+02 0.000000000000000000e+00 1.079291259372669032e+02
2.550000000000000000e+02 0.000000000000000000e+00 1.077854897832999654e+02
2.550000000000000000e+02 0.000000000000000000e+00 1.075029038099163756e+02
2.550000000000000000e+02 0.000000000000000000e+00 1.079485177933498221e+02
2.550000000000000000e+02 0.000000000000000000e+00 1.085602562026459452e+02
2.549998883621874199e+02 3.557688532956463669e-05 1.085669188945157657e+02
2.550000000000000000e+02 0.000000000000000000e+00 1.080170020708200838e+02
2.550000000000000000e+02 0.000000000000000000e+00 1.078549002865779443e+02
2.550000000000000000e+02 0.000000000000000000e+00 1.078586346327484051e+02
2.550000000000000000e+02 0.000000000000000000e+00 1.076775016684332371e+02
2.550000000000000000e+02 0.000000000000000000e+00 1.077211557335217691e+02
2.550000000000000000e+02 0.000000000000000000e+00 1.076222568994621724e+02
2.550000000000000000e+02 0.000000000000000000e+00 1.081520114434891866e+02
2.550000000000000000e+02 0.000000000000000000e+00 1.087540974757586412e+02
2.550000000000000000e+02 0.000000000000000000e+00 1.099220277352490882e+02
2.550000000000000000e+02 0.000000000000000000e+00 1.106103472304008193e+02
2.550000000000000000e+02 0.000000000000000000e+00 1.110590465885447315e+02
2.550000000000000000e+02 0.000000000000000000e+00 1.114055409158717111e+02
2.550000000000000000e+02 0.000000000000000000e+00 1.119500291975817561e+02
2.550000000000000000e+02 0.000000000000000000e+00 1.127402457994739535e+02
2.550000000000000000e+02 0.000000000000000000e+00 1.135587104483178251e+02
2.550000000000000000e+02 0.000000000000000000e+00 1.145020131609939966e+02
2.550000000000000000e+02 0.000000000000000000e+00 1.153942053841322206e+02
2.550000000000000000e+02 0.000000000000000000e+00 1.150175811152985546e+02
2.550000000000000000e+02 0.000000000000000000e+00 1.130437448474855699e+02
2.550000000000000000e+02 0.000000000000000000e+00 1.114193472009578727e+02
2.550000000000000000e+02 0.000000000000000000e+00 1.100433731303733396e+02
2.550000000000000000e+02 0.000000000000000000e+00 1.089370375004907174e+02
2.550000000000000000e+02 0.000000000000000000e+00 1.084000301790130720e+02
2.550000000000000000e+02 0.000000000000000000e+00 1.087867312939190469e+02
2.550000000000000000e+02 0.000000000000000000e+00 1.086663685569033930e+02
2.550000000000000000e+02 0.000000000000000000e+00 1.083362359164605664e+02
2.550000000000000000e+02 0.000000000000000000e+00 1.078858190535076318e+02
2.550000000000000000e+02 0.000000000000000000e+00 1.074443822871275529e+02
2.550000000000000000e+02 0.000000000000000000e+00 1.065492519039767529e+02
2.550000000000000000e+02 0.000000000000000000e+00 1.061311020492286019e+02
2.550000000000000000e+02 0.000000000000000000e+00 1.063107187021552278e+02
2.550000000000000000e+02 0.000000000000000000e+00 1.064233870176265100e+02
2.550000000000000000e+02 0.000000000000000000e+00 1.058090748046951717e+02
2.550000000000000000e+02 0.000000000000000000e+00 1.064885650983394214e+02
2.550000000000000000e+02 0.000000000000000000e+00 1.068370578651905873e+02
2.550000000000000000e+02 0.000000000000000000e+00 1.063202901110980321e+02
2.550000000000000000e+02 0.000000000000000000e+00 1.065561366446826099e+02
2.550000000000000000e+02 0.000000000000000000e+00 1.071583490362344406e+02
2.550000000000000000e+02 0.000000000000000000e+00 1.067861915066933562e+02
2.550000000000000000e+02 0.000000000000000000e+00 1.062987710026302324e+02
2.550000000000000000e+02 0.000000000000000000e+00 1.060171554194637480e+02
2.550000000000000000e+02 0.000000000000000000e+00 1.051747732893652056e+02
2.550000000000000000e+02 0.000000000000000000e+00 1.024895084991952245e+02
2.550000000000000000e+02 0.000000000000000000e+00 1.006552992384092988e+02
2.550000000000000000e+02 0.000000000000000000e+00 9.903436972480665190e+01
2.550000000000000000e+02 0.000000000000000000e+00 9.719186123542574762e+01
2.550000000000000000e+02 0.000000000000000000e+00 9.463681765987516314e+01
2.550000000000000000e+02 0.000000000000000000e+00 9.293771223452283436e+01
2.550000000000000000e+02 0.000000000000000000e+00 9.140130481293918763e+01
2.550000000000000000e+02 0.000000000000000000e+00 9.043775394535390433e+01
2.550000000000000000e+02 0.000000000000000000e+00 8.890002404506732603e+01
2.550000000000000000e+02 0.000000000000000000e+00 8.879868758096807824e+01
2.550000000000000000e+02 0.000000000000000000e+00 8.866455045538413060e+01
2.550000000000000000e+02 0.000000000000000000e+00 8.681510692694224929e+01
2.550000000000000000e+02 0.000000000000000000e+00 8.475085629882620708e+01
2.550000000000000000e+02 0.000000000000000000e+00 8.385425499548541950e+01
2.550000000000000000e+02 0.000000000000000000e+00 8.266817316374199720e+01
2.550000000000000000e+02 0.000000000000000000e+00 8.384275752757821465e+01
2.550000000000000000e+02 0.000000000000000000e+00 8.377571227378008700e+01
2.550000000000000000e+02 0.000000000000000000e+00 8.400916902210182968e+01
2.550000000000000000e+02 0.000000000000000000e+00 8.468039443724728699e+01
2.550000000000000000e+02 0.000000000000000000e+00 8.510654173045969628e+01
2.550000000000000000e+02 0.000000000000000000e+00 8.624570255761001647e+01
2.550000000000000000e+02 0.000000000000000000e+00 8.635656381266439041e+01
2.550000000000000000e+02 0.000000000000000000e+00 8.700238610489537905e+01
2.550000000000000000e+02 0.000000000000000000e+00 8.808843554940524712e+01
2.550000000000000000e+02 0.000000000000000000e+00 8.835775257135006200e+01
2.550000000000000000e+02 0.000000000000000000e+00 8.882818572606288399e+01
2.550000000000000000e+02 0.000000000000000000e+00 8.998948887056883450e+01
2.550000000000000000e+02 0.000000000000000000e+00 9.026355602009971335e+01
2.550000000000000000e+02 0.000000000000000000e+00 9.039887331684528249e+01
2.550000000000000000e+02 0.000000000000000000e+00 9.164397106740470633e+01
2.550000000000000000e+02 0.000000000000000000e+00 9.204594448043026489e+01
2.550000000000000000e+02 0.000000000000000000e+00 9.215323087190358819e+01
2.550000000000000000e+02 0.000000000000000000e+00 9.116057811211871353e+01
2.550000000000000000e+02 0.000000000000000000e+00 8.875376624268834291e+01
2.550000000000000000e+02 0.000000000000000000e+00 8.798993910218662506e+01
2.550000000000000000e+02 0.000000000000000000e+00 8.823819583480548090e+01
2.550000000000000000e+02 0.000000000000000000e+00 8.891011929297687288e+01
2.550000000000000000e+02 0.000000000000000000e+00 9.004221994857299194e+01
2.550000000000000000e+02 0.000000000000000000e+00 9.062686226592863648e+01
2.550000000000000000e+02 0.000000000000000000e+00 9.109805112275742545e+01
2.550000000000000000e+02 0.000000000000000000e+00 9.092101563420091281e+01
2.550000000000000000e+02 0.000000000000000000e+00 9.079083981078004228e+01
2.550000000000000000e+02 0.000000000000000000e+00 9.008488031445060074e+01
2.550000000000000000e+02 0.000000000000000000e+00 9.011132988850940251e+01
2.550000000000000000e+02 0.000000000000000000e+00 8.950997134220547480e+01
2.550000000000000000e+02 0.000000000000000000e+00 8.954108394182074449e+01
2.550000000000000000e+02 0.000000000000000000e+00 9.000136786990145765e+01
2.550000000000000000e+02 0.000000000000000000e+00 8.965548816393828702e+01
2.550000000000000000e+02 0.000000000000000000e+00 8.887575938248340890e+01
2.550000000000000000e+02 0.000000000000000000e+00 8.927210674047030636e+01
2.550000000000000000e+02 0.000000000000000000e+00 8.881212214894202361e+01
2.550000000000000000e+02 0.000000000000000000e+00 8.906120083029090040e+01
2.550000000000000000e+02 0.000000000000000000e+00 8.857535184312801846e+01
2.550000000000000000e+02 0.000000000000000000e+00 8.965939794095709203e+01
2.550000000000000000e+02 0.000000000000000000e+00 8.956656189887331720e+01
2.550000000000000000e+02 0.000000000000000000e+00 8.954291676480980300e+01
2.550000000000000000e+02 0.000000000000000000e+00 9.025653019864169835e+01
2.550000000000000000e+02 0.000000000000000000e+00 8.917663432850469007e+01
2.550000000000000000e+02 0.000000000000000000e+00 8.868453485062615016e+01
2.550000000000000000e+02 0.000000000000000000e+00 8.775695221410906299e+01
2.550000000000000000e+02 0.000000000000000000e+00 8.555446821143956981e+01
2.550000000000000000e+02 0.000000000000000000e+00 8.466552207239037386e+01
2.550000000000000000e+02 0.000000000000000000e+00 8.481961292348761106e+01
2.550000000000000000e+02 0.000000000000000000e+00 8.552984287284576226e+01
2.550000000000000000e+02 0.000000000000000000e+00 8.664668472500294172e+01
2.550000000000000000e+02 0.000000000000000000e+00 8.810774030345857000e+01
2.550000000000000000e+02 0.000000000000000000e+00 8.903800960821261867e+01
2.550000000000000000e+02 0.000000000000000000e+00 8.913131060338398015e+01
2.550000000000000000e+02 0.000000000000000000e+00 8.914952719546185733e+01
2.550000000000000000e+02 0.000000000000000000e+00 8.879933777921721116e+01
2.549998822282416597e+02 0.000000000000000000e+00 8.904039693989714976e+01
2.550000000000000000e+02 0.000000000000000000e+00 8.916082592352687186e+01
2.550000000000000000e+02 0.000000000000000000e+00 9.082125559415851512e+01
2.550000000000000000e+02 0.000000000000000000e+00 9.146986392454755332e+01
2.550000000000000000e+02 0.000000000000000000e+00 9.275506295881913843e+01
2.550000000000000000e+02 0.000000000000000000e+00 9.300519177167981866e+01
2.550000000000000000e+02 0.000000000000000000e+00 9.408546426608566549e+01
2.550000000000000000e+02 0.000000000000000000e+00 9.415397307933891113e+01
2.550000000000000000e+02 0.000000000000000000e+00 9.395442232952538575e+01
2.550000000000000000e+02 0.000000000000000000e+00 9.372569117300670882e+01
2.550000000000000000e+02 0.000000000000000000e+00 9.437214526164959238e+01
2.550000000000000000e+02 0.000000000000000000e+00 9.514416244651199861e+01
2.549997521885918559e+02 7.606092725631060725e-05 9.448813326855886885e+01
2.550000000000000000e+02 0.000000000000000000e+00 9.528426912809641181e+01
2.550000000000000000e+02 0.000000000000000000e+00 9.744085526832331823e+01
2.550000000000000000e+02 0.000000000000000000e+00 9.769464972716208706e+01
2.550000000000000000e+02 0.000000000000000000e+00 9.634274157931928073e+01
2.550000000000000000e+02 0.000000000000000000e+00 9.429169856318455345e+01
2.550000000000000000e+02 0.000000000000000000e+00 9.480182080045538839e+01
2.550000000000000000e+02 0.000000000000000000e+00 9.540970095787696437e+01
2.549998625996152839e+02 2.944293958308797613e-05 9.601429577395673221e+01
2.549999828249518998e+02 0.000000000000000000e+00 9.826239793114277177e+01
2.549999828249518998e+02 0.000000000000000000e+00 9.872633401052094371e+01
2.550000000000000000e+02 0.000000000000000000e+00 9.868274619204647991e+01
2.550000000000000000e+02 0.000000000000000000e+00 9.882132920150748134e+01
2.550000000000000000e+02 0.000000000000000000e+00 9.886620760216699466e+01
2.550000000000000000e+02 0.000000000000000000e+00 9.774924797825147493e+01
2.550000000000000000e+02 0.000000000000000000e+00 9.713221842735445932e+01
2.550000000000000000e+02 0.000000000000000000e+00 9.704468702155223525e+01
2.550000000000000000e+02 0.000000000000000000e+00 9.659630540179797720e+01
2.550000000000000000e+02 0.000000000000000000e+00 9.725637071605228812e+01
2.550000000000000000e+02 0.000000000000000000e+00 9.709560245161543435e+01
2.550000000000000000e+02 0.000000000000000000e+00 9.775566531229144118e+01
2.550000000000000000e+02 0.000000000000000000e+00 9.745749543634435952e+01
2.550000000000000000e+02 0.000000000000000000e+00 9.726178821693558518e+01
2.550000000000000000e+02 0.000000000000000000e+00 9.837539870647351847e+01
2.550000000000000000e+02 0.000000000000000000e+00 9.905794983904526418e+01
2.550000000000000000e+02 0.000000000000000000e+00 9.985761885133278781e+01
2.550000000000000000e+02 0.000000000000000000e+00 9.987180053389863588e+01
2.550000000000000000e+02 0.000000000000000000e+00 9.936072385466964363e+01
2.550000000000000000e+02 0.000000000000000000e+00 9.988334216621521477e+01
2.550000000000000000e+02 0.000000000000000000e+00 1.003823092097514973e+02
2.550000000000000000e+02 0.000000000000000000e+00 9.932278540022768709e+01
2.550000000000000000e+02 0.000000000000000000e+00 9.810354468456797861e+01
2.550000000000000000e+02 0.000000000000000000e+00 9.662585261845876516e+01
2.550000000000000000e+02 0.000000000000000000e+00 9.576722780002354796e+01
2.550000000000000000e+02 0.000000000000000000e+00 9.543924940132689017e+01
2.550000000000000000e+02 0.000000000000000000e+00 9.593211684921288906e+01
2.550000000000000000e+02 0.000000000000000000e+00 9.683718667805126756e+01
2.550000000000000000e+02 0.000000000000000000e+00 9.789527391748124785e+01
2.550000000000000000e+02 0.000000000000000000e+00 9.811601376948141251e+01
2.550000000000000000e+02 0.000000000000000000e+00 9.746389314175793572e+01
2.550000000000000000e+02 0.000000000000000000e+00 9.731282019196797251e+01
2.550000000000000000e+02 0.000000000000000000e+00 9.712619857299885950e+01
2.550000000000000000e+02 0.000000000000000000e+00 9.690710507203705504e+01
2.550000000000000000e+02 0.000000000000000000e+00 9.737854664743061051e+01
2.550000000000000000e+02 0.000000000000000000e+00 9.762537294390138243e+01
2.550000000000000000e+02 0.000000000000000000e+00 9.772947091037569578e+01
2.550000000000000000e+02 0.000000000000000000e+00 9.909036406194795177e+01
2.550000000000000000e+02 0.000000000000000000e+00 9.993049871432496900e+01
2.550000000000000000e+02 0.000000000000000000e+00 1.012623488595768038e+02
2.550000000000000000e+02 0.000000000000000000e+00 1.025043268853295615e+02
2.550000000000000000e+02 0.000000000000000000e+00 1.022564271483531542e+02
2.550000000000000000e+02 0.000000000000000000e+00 1.022106249754642135e+02
2.550000000000000000e+02 0.000000000000000000e+00 1.026913349428807010e+02
2.550000000000000000e+02 0.000000000000000000e+00 1.033112413143328183e+02
2.550000000000000000e+02 0.000000000000000000e+00 1.027034924233502124e+02
2.550000000000000000e+02 0.000000000000000000e+00 1.023301179189730306e+02
2.550000000000000000e+02 0.000000000000000000e+00 1.025423475346445201e+02
2.550000000000000000e+02 0.000000000000000000e+00 1.024177155713893086e+02
2.550000000000000000e+02 0.000000000000000000e+00 1.009342637302241599e+02
2.550000000000000000e+02 0.000000000000000000e+00 9.904680568641306593e+01
2.550000000000000000e+02 0.000000000000000000e+00 9.880918030856200573e+01
2.550000000000000000e+02 0.000000000000000000e+00 9.892580133867231496e+01
2.550000000000000000e+02 0.000000000000000000e+00 9.958754858085031003e+01
2.550000000000000000e+02 0.000000000000000000e+00 1.009320432418639371e+02
2.550000000000000000e+02 0.000000000000000000e+00 1.020003582224316006e+02
2.550000000000000000e+02 0.000000000000000000e+00 1.029111412083382362e+02
2.550000000000000000e+02 0.000000000000000000e+00 1.026427982569779829e+02
2.550000000000000000e+02 0.000000000000000000e+00 1.028595240548816463e+02
2.550000000000000000e+02 0.000000000000000000e+00 1.029912799827268088e+02
2.550000000000000000e+02 0.000000000000000000e+00 1.030456230616731403e+02
2.550000000000000000e+02 0.000000000000000000e+00 1.033089877026655614e+02
2.550000000000000000e+02 0.000000000000000000e+00 1.032569951517292850e+02
2.550000000000000000e+02 0.000000000000000000e+00 1.032798367389000163e+02
2.550000000000000000e+02 0.000000000000000000e+00 1.042241135221607209e+02
2.550000000000000000e+02 0.000000000000000000e+00 1.059822839378950192e+02
2.550000000000000000e+02 0.000000000000000000e+00 1.085578075315039399e+02
2.550000000000000000e+02 0.000000000000000000e+00 1.102978938483884832e+02
2.550000000000000000e+02 0.000000000000000000e+00 1.121484181780708980e+02
2.550000000000000000e+02 0.000000000000000000e+00 1.133894650708593446e+02
2.550000000000000000e+02 0.000000000000000000e+00 1.142488566325128545e+02
2.550000000000000000e+02 0.000000000000000000e+00 1.158034315746084104e+02
2.550000000000000000e+02 0.000000000000000000e+00 1.172042616201468235e+02
2.550000000000000000e+02 0.000000000000000000e+00 1.185428394770933949e+02
2.550000000000000000e+02 0.000000000000000000e+00 1.199083674380716786e+02
2.550000000000000000e+02 0.000000000000000000e+00 1.196871417775683994e+02
2.549997546421701315e+02 7.851450555490127419e-05 1.167812671750480860e+02
2.550000000000000000e+02 0.000000000000000000e+00 1.141862965198445465e+02
2.550000000000000000e+02 0.000000000000000000e+00 1.131791247104777653e+02
2.550000000000000000e+02 0.000000000000000000e+00 1.139629571016370306e+02
2.550000000000000000e+02 0.000000000000000000e+00 1.141627838790091403e+02
2.550000000000000000e+02 0.000000000000000000e+00 1.145207842617673606e+02
2.550000000000000000e+02 0.000000000000000000e+00 1.133224885172535608e+02
2.550000000000000000e+02 0.000000000000000000e+00 1.121006236996035028e+02
2.550000000000000000e+02 0.000000000000000000e+00 1.109873064126722397e+02
2.550000000000000000e+02 0.000000000000000000e+00 1.103383705295803452e+02
2.550000000000000000e+02 0.000000000000000000e+00 1.094971832921132204e+02
2.550000000000000000e+02 0.000000000000000000e+00 1.095753309877124764e+02
2.550000000000000000e+02 0.000000000000000000e+00 1.095443042633376507e+02
2.550000000000000000e+02 0.000000000000000000e+00 1.106668016134730834e+02
2.550000000000000000e+02 0.000000000000000000e+00 1.112627132159541503e+02
2.550000000000000000e+02 0.000000000000000000e+00 1.120326080555882697e+02
2.550000000000000000e+02 0.000000000000000000e+00 1.128350545185097928e+02
2.550000000000000000e+02 0.000000000000000000e+00 1.129321867761943992e+02
2.550000000000000000e+02 0.000000000000000000e+00 1.135950516232874037e+02
2.550000000000000000e+02 0.000000000000000000e+00 1.138531999568170221e+02
2.550000000000000000e+02 0.000000000000000000e+00 1.134584584658265669e+02
2.550000000000000000e+02 0.000000000000000000e+00 1.125160120519766025e+02
2.550000000000000000e+02 0.000000000000000000e+00 1.119051262611392445e+02
2.550000000000000000e+02 0.000000000000000000e+00 1.123534821183213666e+02
2.550000000000000000e+02 0.000000000000000000e+00 1.129061947944882860e+02
2.550000000000000000e+02 0.000000000000000000e+00 1.146351639481019049e+02
2.550000000000000000e+02 0.000000000000000000e+00 1.141757792564676350e+02
2.550000000000000000e+02 0.000000000000000000e+00 1.129103045381384192e+02
2.550000000000000000e+02 0.000000000000000000e+00 1.113139427040395759e+02
2.550000000000000000e+02 0.000000000000000000e+00 1.118944581026969729e+02
2.550000000000000000e+02 0.000000000000000000e+00 1.139776675303262294e+02
2.550000000000000000e+02 0.000000000000000000e+00 1.151145502100263087e+02
2.550000000000000000e+02 0.000000000000000000e+00 1.155616670101676249e+02
2.550000000000000000e+02 0.000000000000000000e+00 1.157235577866760821e+02
2.550000000000000000e+02 0.000000000000000000e+00 1.150740195501118848e+02
2.550000000000000000e+02 0.000000000000000000e+00 1.139074571605229096e+02
2.550000000000000000e+02 0.000000000000000000e+00 1.128694193361598508e+02
2.550000000000000000e+02 0.000000000000000000e+00 1.114418612354257476e+02
2.550000000000000000e+02 0.000000000000000000e+00 1.111333851038354368e+02
2.550000000000000000e+02 0.000000000000000000e+00 1.113915457052565472e+02
2.550000000000000000e+02 0.000000000000000000e+00 1.111785223570054626e+02
2.550000000000000000e+02 0.000000000000000000e+00 1.111163266007144870e+02
2.550000000000000000e+02 0.000000000000000000e+00 1.113653095925097176e+02
2.550000000000000000e+02 0.000000000000000000e+00 1.113736910159776983e+02
2.550000000000000000e+02 0.000000000000000000e+00 1.103916610234365834e+02
2.550000000000000000e+02 0.000000000000000000e+00 1.105239714599772327e+02
2.550000000000000000e+02 0.000000000000000000e+00 1.107359692124995121e+02
2.550000000000000000e+02 0.000000000000000000e+00 1.107510280493071093e+02
2.550000000000000000e+02 0.000000000000000000e+00 1.102044750814587957e+02
2.550000000000000000e+02 0.000000000000000000e+00 1.096527475169787635e+02
2.550000000000000000e+02 0.000000000000000000e+00 1.097951311192242798e+02
2.550000000000000000e+02 0.000000000000000000e+00 1.096097277018804164e+02
2.550000000000000000e+02 0.000000000000000000e+00 1.063395138970674765e+02
2.550000000000000000e+02 0.000000000000000000e+00 1.038344460310917441e+02
2.550000000000000000e+02 0.000000000000000000e+00 1.027584157735641668e+02
2.550000000000000000e+02 0.000000000000000000e+00 1.021590728418325256e+02
2.550000000000000000e+02 0.000000000000000000e+00 1.017282576159070402e+02
2.550000000000000000e+02 0.000000000000000000e+00 1.007342529344796418e+02
2.550000000000000000e+02 0.000000000000000000e+00 1.004834125839123828e+02
2.550000000000000000e+02 0.000000000000000000e+00 9.976413015742159018e+01
2.550000000000000000e+02 0.000000000000000000e+00 9.884439038393593080e+01
2.549997546421701315e+02 8.832881874926392838e-05 9.884589565422211876e+01
2.549999337533859318e+02 0.000000000000000000e+00 9.780476877478113806e+01
2.550000000000000000e+02 0.000000000000000000e+00 9.707916102343658338e+01
2.550000000000000000e+02 0.000000000000000000e+00 9.702367825737054829e+01
2.550000000000000000e+02 0.000000000000000000e+00 9.770657166411494643e+01
2.550000000000000000e+02 0.000000000000000000e+00 9.675713745927059506e+01
2.550000000000000000e+02 0.000000000000000000e+00 9.706005010206885686e+01
2.550000000000000000e+02 0.000000000000000000e+00 9.699076350449495010e+01
2.550000000000000000e+02 0.000000000000000000e+00 9.648794434302988066e+01
2.550000000000000000e+02 0.000000000000000000e+00 9.651324564244494297e+01
2.549998184352058956e+02 5.888587916617595225e-05 9.754024359125348553e+01
2.550000000000000000e+02 0.000000000000000000e+00 9.714857888744946024e+01
2.550000000000000000e+02 0.000000000000000000e+00 9.689248665253406045e+01
2.550000000000000000e+02 0.000000000000000000e+00 9.701438655635378439e+01
2.550000000000000000e+02 0.000000000000000000e+00 9.602011566168098966e+01
2.550000000000000000e+02 0.000000000000000000e+00 9.680612069642366180e+01
2.550000000000000000e+02 0.000000000000000000e+00 9.695656553016920043e+01
2.550000000000000000e+02 0.000000000000000000e+00 9.678105862089270772e+01
2.550000000000000000e+02 0.000000000000000000e+00 9.546992771758331742e+01
2.550000000000000000e+02 0.000000000000000000e+00 9.440342347780001830e+01
2.550000000000000000e+02 0.000000000000000000e+00 9.276332293016135111e+01
2.550000000000000000e+02 0.000000000000000000e+00 9.143865686216778954e+01
2.550000000000000000e+02 0.000000000000000000e+00 9.204637017626507145e+01
2.550000000000000000e+02 0.000000000000000000e+00 9.210910571978172356e+01
2.550000000000000000e+02 0.000000000000000000e+00 9.227053522357005022e+01
2.550000000000000000e+02 0.000000000000000000e+00 9.300739385820280347e+01
2.550000000000000000e+02 0.000000000000000000e+00 9.138152897185254631e+01
2.550000000000000000e+02 0.000000000000000000e+00 9.105659546382443637e+01
2.550000000000000000e+02 0.000000000000000000e+00 9.111107103599890422e+01
2.550000000000000000e+02 0.000000000000000000e+00 9.088094379342832951e+01
2.550000000000000000e+02 0.000000000000000000e+00 9.020334030149570026e+01
2.550000000000000000e+02 0.000000000000000000e+00 8.976250834216621399e+01
2.550000000000000000e+02 0.000000000000000000e+00 8.837141654889491349e+01
2.550000000000000000e+02 0.000000000000000000e+00 8.687836017547992640e+01
2.550000000000000000e+02 0.000000000000000000e+00 8.604121275468142471e+01
2.550000000000000000e+02 0.000000000000000000e+00 8.525007115377066214e+01
2.550000000000000000e+02 0.000000000000000000e+00 8.408481529462568460e+01
2.550000000000000000e+02 0.000000000000000000e+00 8.336666887488713940e+01
2.550000000000000000e+02 0.000000000000000000e+00 8.235625220822046799e+01
2.550000000000000000e+02 0.000000000000000000e+00 8.134303355513681311e+01
2.550000000000000000e+02 0.000000000000000000e+00 8.015019456875907622e+01
2.550000000000000000e+02 0.000000000000000000e+00 7.953907814156166012e+01
2.550000000000000000e+02 0.000000000000000000e+00 7.892701217956268067e+01
2.550000000000000000e+02 0.000000000000000000e+00 7.721864694971145582e+01
2.550000000000000000e+02 0.000000000000000000e+00 7.477622261806618553e+01
2.550000000000000000e+02 0.000000000000000000e+00 7.226605253601853462e+01
2.550000000000000000e+02 0.000000000000000000e+00 6.982881016173988087e+01
2.550000000000000000e+02 0.000000000000000000e+00 6.806147317748204273e+01
2.550000000000000000e+02 0.000000000000000000e+00 6.767556579515564863e+01
2.550000000000000000e+02 0.000000000000000000e+00 6.656053345699368151e+01
2.550000000000000000e+02 0.000000000000000000e+00 6.649417152475169246e+01
2.550000000000000000e+02 0.000000000000000000e+00 6.612245073214776880e+01
2.550000000000000000e+02 0.000000000000000000e+00 6.560528181800337677e+01
2.550000000000000000e+02 0.000000000000000000e+00 6.504623400266949318e+01
2.550000000000000000e+02 0.000000000000000000e+00 6.419503125858751957e+01
2.550000000000000000e+02 0.000000000000000000e+00 6.399640428100341438e+01
2.550000000000000000e+02 0.000000000000000000e+00 6.408770070270482222e+01
2.550000000000000000e+02 0.000000000000000000e+00 6.300610940996349285e+01
2.550000000000000000e+02 0.000000000000000000e+00 6.203160208848584745e+01
2.550000000000000000e+02 0.000000000000000000e+00 6.164390850115808718e+01
2.550000000000000000e+02 0.000000000000000000e+00 6.243471641542024742e+01
2.550000000000000000e+02 0.000000000000000000e+00 6.200041342794331456e+01
2.550000000000000000e+02 0.000000000000000000e+00 6.223654580339967879e+01
2.550000000000000000e+02 0.000000000000000000e+00 6.278594369528520502e+01
2.550000000000000000e+02 0.000000000000000000e+00 6.277856087818474151e+01
2.550000000000000000e+02 0.000000000000000000e+00 6.314342023907666857e+01
2.550000000000000000e+02 0.000000000000000000e+00 6.392551304322223871e+01
2.549995227790209356e+02 2.085541553802064863e-04 6.517815922741726808e+01
2.550000000000000000e+02 0.000000000000000000e+00 6.578126962862639004e+01
2.550000000000000000e+02 0.000000000000000000e+00 6.634602078671534287e+01
2.550000000000000000e+02 0.000000000000000000e+00 6.697557094767007868e+01
2.550000000000000000e+02 0.000000000000000000e+00 6.658147474777214825e+01
2.550000000000000000e+02 0.000000000000000000e+00 6.535252031562831121e+01
2.550000000000000000e+02 0.000000000000000000e+00 6.518334118478388461e+01
2.550000000000000000e+02 0.000000000000000000e+00 6.549203200447533391e+01
2.550000000000000000e+02 0.000000000000000000e+00 6.535831934793702658e+01
2.550000000000000000e+02 0.000000000000000000e+00 6.647284011502375733e+01
2.550000000000000000e+02 0.000000000000000000e+00 6.689136904761905100e+01
2.550000000000000000e+02 0.000000000000000000e+00 6.756503331959329728e+01
2.550000000000000000e+02 0.000000000000000000e+00 6.720652013897067434e+01
2.550000000000000000e+02 0.000000000000000000e+00 6.711182428453656712e+01
2.550000000000000000e+02 0.000000000000000000e+00 6.645407637498527720e+01
2.550000000000000000e+02 0.000000000000000000e+00 6.682029011109803207e+01
2.550000000000000000e+02 0.000000000000000000e+00 6.766395791622501577e+01
2.550000000000000000e+02 0.000000000000000000e+00 6.820397087111844314e+01
2.550000000000000000e+02 0.000000000000000000e+00 6.901417554862010206e+01
2.550000000000000000e+02 0.000000000000000000e+00 7.027127865779452520e+01
2.550000000000000000e+02 0.000000000000000000e+00 7.124019182075137735e+01
2.550000000000000000e+02 0.000000000000000000e+00 7.156137380756094046e+01
2.550000000000000000e+02 0.000000000000000000e+00 7.231615337808659660e+01
2.550000000000000000e+02 0.000000000000000000e+00 7.281760221607191852e+01
2.550000000000000000e+02 0.000000000000000000e+00 7.303581733600282178e+01
2.550000000000000000e+02 0.000000000000000000e+00 7.200101946178305923e+01
2.550000000000000000e+02 0.000000000000000000e+00 7.193336817414517270e+01
2.550000000000000000e+02 0.000000000000000000e+00 7.143069868095631136e+01
2.550000000000000000e+02 0.000000000000000000e+00 7.125507890707808656e+01
2.550000000000000000e+02 0.000000000000000000e+00 7.201123616181840248e+01
2.550000000000000000e+02 0.000000000000000000e+00 7.163642018019079671e+01
2.550000000000000000e+02 0.000000000000000000e+00 6.973031003415381690e+01
2.550000000000000000e+02 0.000000000000000000e+00 6.931678272092018744e+01
2.550000000000000000e+02 0.000000000000000000e+00 6.977530743336080832e+01
2.550000000000000000e+02 0.000000000000000000e+00 7.006003660738821281e+01
2.550000000000000000e+02 0.000000000000000000e+00 7.002300597691673545e+01
2.550000000000000000e+02 0.000000000000000000e+00 6.945929636281553599e+01
2.550000000000000000e+02 0.000000000000000000e+00 6.902562762532878082e+01
2.550000000000000000e+02 0.000000000000000000e+00 6.886755216307463456e+01
2.550000000000000000e+02 0.000000000000000000e+00 6.897587887174655918e+01
2.550000000000000000e+02 0.000000000000000000e+00 6.841189077650845718e+01
2.549997251992305678e+02 7.851450555490127419e-05 6.820650541750087825e+01
2.550000000000000000e+02 0.000000000000000000e+00 6.869860366859026612e+01
2.550000000000000000e+02 0.000000000000000000e+00 6.909602201350449491e+01
2.550000000000000000e+02 0.000000000000000000e+00 6.882986397361912623e+01
2.550000000000000000e+02 0.000000000000000000e+00 6.923012601578142267e+01
2.550000000000000000e+02 0.000000000000000000e+00 6.909869396027166033e+01
2.549997705904290797e+02 9.568955364503591563e-05 6.972689587995131433e+01
2.550000000000000000e+02 0.000000000000000000e+00 6.913035248105838093e+01
2.550000000000000000e+02 0.000000000000000000e+00 6.974868856239940840e+01
2.550000000000000000e+02 0.000000000000000000e+00 6.956457695402976071e+01
2.550000000000000000e+02 0.000000000000000000e+00 6.963901606603070604e+01
2.550000000000000000e+02 0.000000000000000000e+00 6.933896184195029377e+01
2.550000000000000000e+02 0.000000000000000000e+00 6.894538580065166400e+01
2.550000000000000000e+02 0.000000000000000000e+00 6.875889544812153531e+01
2.550000000000000000e+02 0.000000000000000000e+00 6.934623670160561915e+01
2.550000000000000000e+02 0.000000000000000000e+00 6.863565957091822156e+01
2.550000000000000000e+02 0.000000000000000000e+00 6.692021454088643395e+01
2.550000000000000000e+02 0.000000000000000000e+00 6.603855062222746142e+01
2.550000000000000000e+02 0.000000000000000000e+00 6.600121452125780763e+01
2.550000000000000000e+02 0.000000000000000000e+00 6.524840640089506394e+01
2.550000000000000000e+02 0.000000000000000000e+00 6.501498522945864522e+01
2.550000000000000000e+02 0.000000000000000000e+00 6.573802163074627458e+01
2.550000000000000000e+02 0.000000000000000000e+00 6.497731789541867897e+01
2.550000000000000000e+02 0.000000000000000000e+00 6.498942630432222245e+01
2.550000000000000000e+02 0.000000000000000000e+00 6.489531072115573807e+01
2.550000000000000000e+02 0.000000000000000000e+00 6.461844526557531765e+01
2.550000000000000000e+02 0.000000000000000000e+00 6.488362064735210311e+01
2.550000000000000000e+02 0.000000000000000000e+00 6.510361461154948870e+01
2.550000000000000000e+02 0.000000000000000000e+00 6.595288270914301165e+01
2.550000000000000000e+02 0.000000000000000000e+00 6.595980057315588851e+01
2.550000000000000000e+02 0.000000000000000000e+00 6.614333559062536949e+01
2.550000000000000000e+02 0.000000000000000000e+00 6.598383459937973328e+01
2.550000000000000000e+02 0.000000000000000000e+00 6.674561054842382646e+01
2.550000000000000000e+02 0.000000000000000000e+00 6.765122507164448962e+01
2.550000000000000000e+02 0.000000000000000000e+00 6.687877114984493687e+01
2.550000000000000000e+02 0.000000000000000000e+00 6.728094330271267154e+01
2.550000000000000000e+02 0.000000000000000000e+00 6.696062620225336559e+01
2.550000000000000000e+02 0.000000000000000000e+00 6.673201649786048506e+01
2.550000000000000000e+02 0.000000000000000000e+00 6.653673006712990912e+01
2.550000000000000000e+02 0.000000000000000000e+00 6.733051171828995507e+01
2.550000000000000000e+02 0.000000000000000000e+00 6.667965959054684788e+01
2.550000000000000000e+02 0.000000000000000000e+00 6.727411867467515094e+01
2.550000000000000000e+02 0.000000000000000000e+00 6.750710556275271301e+01
2.549996319632552115e+02 1.754308483492325165e-04 6.598224590743139117e+01
2.550000000000000000e+02 0.000000000000000000e+00 6.541318013190436886e+01
2.550000000000000000e+02 0.000000000000000000e+00 6.531912220782790257e+01
2.550000000000000000e+02 0.000000000000000000e+00 6.601027067875790522e+01
2.549995927060024314e+02 1.668433243041651890e-04 6.666405483256781395e+01
2.550000000000000000e+02 0.000000000000000000e+00 6.766138533937895261e+01
2.550000000000000000e+02 0.000000000000000000e+00 6.838940741176932647e+01
2.550000000000000000e+02 0.000000000000000000e+00 6.795221901621324889e+01
2.550000000000000000e+02 0.000000000000000000e+00 6.785537260040042895e+01
2.550000000000000000e+02 0.000000000000000000e+00 6.772519186982295025e+01
2.550000000000000000e+02 0.000000000000000000e+00 6.845616314332822583e+01
2.550000000000000000e+02 0.000000000000000000e+00 6.906277480076944641e+01
2.550000000000000000e+02 0.000000000000000000e+00 7.105007630628509219e+01
2.550000000000000000e+02 0.000000000000000000e+00 7.184386041102344223e+01
2.550000000000000000e+02 0.000000000000000000e+00 7.258001732226279046e+01
2.550000000000000000e+02 0.000000000000000000e+00 7.431024516154359105e+01
2.550000000000000000e+02 0.000000000000000000e+00 7.561732029992541015e+01
2.550000000000000000e+02 0.000000000000000000e+00 7.563222210772190124e+01
2.550000000000000000e+02 0.000000000000000000e+00 7.476362717387037549e+01
2.550000000000000000e+02 0.000000000000000000e+00 7.457074893023985851e+01
2.550000000000000000e+02 0.000000000000000000e+00 7.455253601852942325e+01
2.550000000000000000e+02 0.000000000000000000e+00 7.465597887959800971e+01
2.550000000000000000e+02 0.000000000000000000e+00 7.460810465983590234e+01
2.550000000000000000e+02 0.000000000000000000e+00 7.565453372198012971e+01
2.550000000000000000e+02 0.000000000000000000e+00 7.625779379146547399e+01
2.550000000000000000e+02 0.000000000000000000e+00 7.743930092647116226e+01
2.550000000000000000e+02 0.000000000000000000e+00 7.776689902053153958e+01
2.550000000000000000e+02 0.000000000000000000e+00 7.635066541043457278e+01
2.550000000000000000e+02 0.000000000000000000e+00 7.499296559101793491e+01
2.550000000000000000e+02 0.000000000000000000e+00 7.473486019510855272e+01
2.550000000000000000e+02 0.000000000000000000e+00 7.579448582813174085e+01
2.550000000000000000e+02 0.000000000000000000e+00 7.480334815294625628e+01
2.550000000000000000e+02 0.000000000000000000e+00 7.511936045028069486e+01
2.550000000000000000e+02 0.000000000000000000e+00 7.458153240686216634e+01
2.550000000000000000e+02 0.000000000000000000e+00 7.470397945864247902e+01
2.550000000000000000e+02 0.000000000000000000e+00 7.423723525890157759e+01
2.550000000000000000e+02 0.000000000000000000e+00 7.427404752090448881e+01
2.550000000000000000e+02 0.000000000000000000e+00 7.431130878773603854e+01
2.550000000000000000e+02 0.000000000000000000e+00 7.335405870922153326e+01
2.550000000000000000e+02 0.000000000000000000e+00 7.427902460448318323e+01
2.550000000000000000e+02 0.000000000000000000e+00 7.525275904879676148e+01
2.550000000000000000e+02 0.000000000000000000e+00 7.557556898480744678e+01
2.550000000000000000e+02 0.000000000000000000e+00 7.580693405762964687e+01
2.550000000000000000e+02 0.000000000000000000e+00 7.710690486004789079e+01
2.550000000000000000e+02 0.000000000000000000e+00 7.702729728536097298e+01
2.550000000000000000e+02 0.000000000000000000e+00 7.694756703175912094e+01
2.550000000000000000e+02 0.000000000000000000e+00 7.677836827228830430e+01
2.550000000000000000e+02 0.000000000000000000e+00 7.725926593844462786e+01
2.550000000000000000e+02 0.000000000000000000e+00 7.720104620578652543e+01
2.550000000000000000e+02 0.000000000000000000e+00 7.702130810073411737e+01
2.550000000000000000e+02 0.000000000000000000e+00 7.772280453813841916e+01
2.550000000000000000e+02 0.000000000000000000e+00 7.833484473756526256e+01
2.550000000000000000e+02 0.000000000000000000e+00 7.849303919836690113e+01
2.550000000000000000e+02 0.000000000000000000e+00 7.806819107486357723e+01
2.550000000000000000e+02 0.000000000000000000e+00 7.730706777764692106e+01
2.550000000000000000e+02 0.000000000000000000e+00 7.696392626506496981e+01
2.550000000000000000e+02 0.000000000000000000e+00 7.753589094335178800e+01
2.550000000000000000e+02 0.000000000000000000e+00 7.719380569622737198e+01
2.550000000000000000e+02 0.000000000000000000e+00 7.768690378047344325e+01
2.550000000000000000e+02 0.000000000000000000e+00 7.819837548580849784e+01
2.550000000000000000e+02 0.000000000000000000e+00 7.858431599144191182e+01
2.550000000000000000e+02 0.000000000000000000e+00 7.871606333176303849e+01
2.550000000000000000e+02 0.000000000000000000e+00 7.882916347701487325e+01
2.550000000000000000e+02 0.000000000000000000e+00 7.835468927884426193e+01
2.550000000000000000e+02 0.000000000000000000e+00 7.909431677658697879e+01
2.550000000000000000e+02 0.000000000000000000e+00 7.878870887802771961e+01
2.549997607761158918e+02 1.067306559886939101e-04 7.867648466022848197e+01
2.550000000000000000e+02 0.000000000000000000e+00 7.872164031523574579e+01
2.550000000000000000e+02 0.000000000000000000e+00 7.880654516546931632e+01
2.550000000000000000e+02 0.000000000000000000e+00 7.928331468613826871e+01
2.550000000000000000e+02 0.000000000000000000e+00 7.974770467750167313e+01
2.550000000000000000e+02 0.000000000000000000e+00 7.930415047304990139e+01
2.550000000000000000e+02 0.000000000000000000e+00 7.938215095395123910e+01
2.550000000000000000e+02 0.000000000000000000e+00 7.852625942174066154e+01
2.550000000000000000e+02 0.000000000000000000e+00 7.771414831390099209e+01
2.550000000000000000e+02 0.000000000000000000e+00 7.615485268715895018e+01
2.550000000000000000e+02 0.000000000000000000e+00 7.666660287363090731e+01
2.550000000000000000e+02 0.000000000000000000e+00 7.730992619636478480e+01
2.550000000000000000e+02 0.000000000000000000e+00 7.802300843049503953e+01
2.550000000000000000e+02 0.000000000000000000e+00 7.731961783064420501e+01
2.550000000000000000e+02 0.000000000000000000e+00 7.796369194833745553e+01
2.550000000000000000e+02 0.000000000000000000e+00 7.880090316217170709e+01
2.550000000000000000e+02 0.000000000000000000e+00 8.031510447336395941e+01
2.550000000000000000e+02 0.000000000000000000e+00 8.126976479998430136e+01
2.550000000000000000e+02 0.000000000000000000e+00 8.234846823106819613e+01
2.550000000000000000e+02 0.000000000000000000e+00 8.305101234640599728e+01
2.550000000000000000e+02 0.000000000000000000e+00 8.394308679778589521e+01
2.550000000000000000e+02 0.000000000000000000e+00 8.509279678483099474e+01
2.549997399207003355e+02 7.851450555490127419e-05 8.470928286813489194e+01
2.550000000000000000e+02 0.000000000000000000e+00 8.422837170729792433e+01
2.550000000000000000e+02 0.000000000000000000e+00 8.453739989400541788e+01
2.550000000000000000e+02 0.000000000000000000e+00 8.501765104228006464e+01
2.550000000000000000e+02 0.000000000000000000e+00 8.519497850665410965e+01
2.550000000000000000e+02 0.000000000000000000e+00 8.494036087229615362e+01
2.550000000000000000e+02 0.000000000000000000e+00 8.422408653279943280e+01
2.550000000000000000e+02 0.000000000000000000e+00 8.421893769873983615e+01
2.550000000000000000e+02 0.000000000000000000e+00 8.369414551682173453e+01
2.550000000000000000e+02 0.000000000000000000e+00 8.388916450751776210e+01
2.550000000000000000e+02 0.000000000000000000e+00 8.358342902288697474e+01
2.549996552722490435e+02 1.447611196168492001e-04 8.352091184783888878e+01
2.550000000000000000e+02 0.000000000000000000e+00 8.351074789973696966e+01
2.549997595493267397e+02 8.832881874926392838e-05 8.338736603462490393e+01
2.550000000000000000e+02 0.000000000000000000e+00 8.235205536254072456e+01
2.550000000000000000e+02 0.000000000000000000e+00 8.296926525144270670e+01
2.550000000000000000e+02 0.000000000000000000e+00 8.356971597377615524e+01
2.550000000000000000e+02 0.000000000000000000e+00 8.396997188199269146e+01
2.550000000000000000e+02 0.000000000000000000e+00 8.308397862442586757e+01
2.550000000000000000e+02 0.000000000000000000e+00 8.136082199780159385e+01
2.550000000000000000e+02 0.000000000000000000e+00 7.989349507321477972e+01
2.550000000000000000e+02 0.000000000000000000e+00 7.934067198602441806e+01
2.550000000000000000e+02 0.000000000000000000e+00 7.992895173320771107e+01
2.550000000000000000e+02 0.000000000000000000e+00 8.053300430848349833e+01
2.550000000000000000e+02 0.000000000000000000e+00 8.059766345738624693e+01
2.550000000000000000e+02 0.000000000000000000e+00 8.056718020060456809e+01
2.549997485082243998e+02 1.018234993915125762e-04 8.047225248302123646e+01
2.550000000000000000e+02 0.000000000000000000e+00 8.154645114434892150e+01
2.550000000000000000e+02 0.000000000000000000e+00 8.093384048796765740e+01
2.550000000000000000e+02 0.000000000000000000e+00 8.030938640913909410e+01
2.550000000000000000e+02 0.000000000000000000e+00 8.001696404035645571e+01
2.550000000000000000e+02 0.000000000000000000e+00 8.061467779609782269e+01
2.550000000000000000e+02 0.000000000000000000e+00 8.001108526675302812e+01
2.550000000000000000e+02 0.000000000000000000e+00 7.912604890472265140e+01
2.550000000000000000e+02 0.000000000000000000e+00 7.937076267027833865e+01
2.550000000000000000e+02 0.000000000000000000e+00 7.839522239233698997e+01
2.550000000000000000e+02 0.000000000000000000e+00 7.802837685981235438e+01
2.550000000000000000e+02 0.000000000000000000e+00 7.769736338476033666e+01
2.550000000000000000e+02 0.000000000000000000e+00 7.804728290739214458e+01
2.550000000000000000e+02 0.000000000000000000e+00 7.795766841361441379e+01
2.550000000000000000e+02 0.000000000000000000e+00 7.819802462411180954e+01
2.550000000000000000e+02 0.000000000000000000e+00 7.926897352098299621e+01
2.550000000000000000e+02 0.000000000000000000e+00 7.959612506379303909e+01
2.550000000000000000e+02 0.000000000000000000e+00 8.017025257135006200e+01
2.550000000000000000e+02 0.000000000000000000e+00 7.951405409649433409e+01
2.550000000000000000e+02 0.000000000000000000e+00 7.985616878655831385e+01
2.550000000000000000e+02 0.000000000000000000e+00 7.992914065873669927e+01
2.550000000000000000e+02 0.000000000000000000e+00 7.949557251796019841e+01
2.550000000000000000e+02 0.000000000000000000e+00 7.752563498606367887e+01
2.550000000000000000e+02 0.000000000000000000e+00 7.759104861029325662e+01
2.550000000000000000e+02 0.000000000000000000e+00 7.778556829780552562e+01
2.550000000000000000e+02 0.000000000000000000e+00 7.857302953126840350e+01
2.550000000000000000e+02 0.000000000000000000e+00 7.963284899697718799e+01
2.550000000000000000e+02 0.000000000000000000e+00 7.944008607152672141e+01
2.550000000000000000e+02 0.000000000000000000e+00 7.970815544890668036e+01
2.550000000000000000e+02 0.000000000000000000e+00 7.998419772896792779e+01
2.549996221489420236e+02 1.423075413182585468e-04 7.931593132925057432e+01
2.550000000000000000e+02 0.000000000000000000e+00 8.028472794723825245e+01
2.550000000000000000e+02 0.000000000000000000e+00 8.053960688768499665e+01
2.550000000000000000e+02 0.000000000000000000e+00 8.281655208456012929e+01
2.550000000000000000e+02 0.000000000000000000e+00 8.359895281278215862e+01
2.550000000000000000e+02 0.000000000000000000e+00 8.490527960978290878e+01
2.550000000000000000e+02 0.000000000000000000e+00 8.764164507517763525e+01
2.550000000000000000e+02 0.000000000000000000e+00 8.922006389117889569e+01
2.550000000000000000e+02 0.000000000000000000e+00 8.810590011973462765e+01
2.550000000000000000e+02 0.000000000000000000e+00 8.828408756330232166e+01
2.550000000000000000e+02 0.000000000000000000e+00 8.813451252306363415e+01
2.550000000000000000e+02 0.000000000000000000e+00 8.742839599772307224e+01
2.550000000000000000e+02 0.000000000000000000e+00 8.694367197621009780e+01
2.550000000000000000e+02 0.000000000000000000e+00 8.724404884583677244e+01
2.550000000000000000e+02 0.000000000000000000e+00 8.824970189023672162e+01
2.550000000000000000e+02 0.000000000000000000e+00 8.924314224865544531e+01
2.550000000000000000e+02 0.000000000000000000e+00 9.117809175401404786e+01
2.550000000000000000e+02 0.000000000000000000e+00 9.213645084991952672e+01
2.550000000000000000e+02 0.000000000000000000e+00 9.158016208338240460e+01
2.550000000000000000e+02 0.000000000000000000e+00 9.006688577120873163e+01
2.550000000000000000e+02 0.000000000000000000e+00 8.781186452322066316e+01
2.550000000000000000e+02 0.000000000000000000e+00 8.715477294586425216e+01
2.550000000000000000e+02 0.000000000000000000e+00 8.774107878930632864e+01
2.550000000000000000e+02 0.000000000000000000e+00 8.914380913123699202e+01
2.550000000000000000e+02 0.000000000000000000e+00 9.036811648608330927e+01
2.550000000000000000e+02 0.000000000000000000e+00 9.144884043889608449e+01
2.550000000000000000e+02 0.000000000000000000e+00 9.291204903230871537e+01
2.550000000000000000e+02 0.000000000000000000e+00 9.465627208220469413e+01
2.550000000000000000e+02 0.000000000000000000e+00 9.434379416440937405e+01
2.550000000000000000e+02 0.000000000000000000e+00 9.505455285989086178e+01
2.550000000000000000e+02 0.000000000000000000e+00 9.435408201821536522e+01
2.550000000000000000e+02 0.000000000000000000e+00 9.522382890707808656e+01
2.550000000000000000e+02 0.000000000000000000e+00 9.670661214815687856e+01
2.550000000000000000e+02 0.000000000000000000e+00 9.479283088956934478e+01
2.550000000000000000e+02 0.000000000000000000e+00 9.361739513406351421e+01
2.550000000000000000e+02 0.000000000000000000e+00 9.337296598359046129e+01
2.550000000000000000e+02 0.000000000000000000e+00 9.413655144662976682e+01
2.550000000000000000e+02 0.000000000000000000e+00 9.452871422682841285e+01
2.550000000000000000e+02 0.000000000000000000e+00 9.546699201114905975e+01
2.550000000000000000e+02 0.000000000000000000e+00 9.605181343972049035e+01
2.550000000000000000e+02 0.000000000000000000e+00 9.705152637105955193e+01
2.550000000000000000e+02 0.000000000000000000e+00 9.729094286106858647e+01
2.550000000000000000e+02 0.000000000000000000e+00 9.892903024771327125e+01
2.550000000000000000e+02 0.000000000000000000e+00 9.919290400620265302e+01
2.550000000000000000e+02 0.000000000000000000e+00 9.949755132885800890e+01
2.550000000000000000e+02 0.000000000000000000e+00 9.752602510501314725e+01
2.550000000000000000e+02 0.000000000000000000e+00 9.652526694931889040e+01
2.550000000000000000e+02 0.000000000000000000e+00 9.639606642327170505e+01
2.550000000000000000e+02 0.000000000000000000e+00 9.786641738311152494e+01
2.550000000000000000e+02 0.000000000000000000e+00 9.997833122325599220e+01
2.550000000000000000e+02 0.000000000000000000e+00 1.018642496466847263e+02
2.550000000000000000e+02 0.000000000000000000e+00 1.033729770246928155e+02
2.550000000000000000e+02 0.000000000000000000e+00 1.036776844600164935e+02
2.550000000000000000e+02 0.000000000000000000e+00 1.033853050288540771e+02
2.550000000000000000e+02 0.000000000000000000e+00 1.018186768833667060e+02
2.550000000000000000e+02 0.000000000000000000e+00 1.027822118026930411e+02
2.550000000000000000e+02 0.000000000000000000e+00 1.018756452910925248e+02
2.550000000000000000e+02 0.000000000000000000e+00 1.014518669277273943e+02
2.550000000000000000e+02 0.000000000000000000e+00 1.030154845326424038e+02
2.550000000000000000e+02 0.000000000000000000e+00 1.030625306697287300e+02
2.550000000000000000e+02 0.000000000000000000e+00 1.024633116437011751e+02
2.550000000000000000e+02 0.000000000000000000e+00 1.010069350390609628e+02
2.550000000000000000e+02 0.000000000000000000e+00 1.007410922839869727e+02
2.549997988065795198e+02 6.870019236053860644e-05 9.935692939583087480e+01
2.550000000000000000e+02 0.000000000000000000e+00 9.908562988262080751e+01
2.550000000000000000e+02 0.000000000000000000e+00 9.948101175754720771e+01
2.550000000000000000e+02 0.000000000000000000e+00 9.913446958544341214e+01
2.550000000000000000e+02 0.000000000000000000e+00 9.988945280296785256e+01
2.550000000000000000e+02 0.000000000000000000e+00 1.001412770384328468e+02
2.550000000000000000e+02 0.000000000000000000e+00 9.906480022965493504e+01
2.550000000000000000e+02 0.000000000000000000e+00 9.777534546382443637e+01
2.550000000000000000e+02 0.000000000000000000e+00 9.671867393907274391e+01
2.550000000000000000e+02 0.000000000000000000e+00 9.655290650885251580e+01
2.550000000000000000e+02 0.000000000000000000e+00 9.714798512150119336e+01
2.550000000000000000e+02 0.000000000000000000e+00 9.788075854826679745e+01
2.550000000000000000e+02 0.000000000000000000e+00 9.939117521493345464e+01
2.550000000000000000e+02 0.000000000000000000e+00 1.013136409139088414e+02
2.550000000000000000e+02 0.000000000000000000e+00 1.015999170690535038e+02
2.550000000000000000e+02 0.000000000000000000e+00 1.016754369822949826e+02
2.550000000000000000e+02 0.000000000000000000e+00 1.017693084344207648e+02
2.550000000000000000e+02 0.000000000000000000e+00 1.018733192988654679e+02
2.550000000000000000e+02 0.000000000000000000e+00 1.031444028971852589e+02
2.550000000000000000e+02 0.000000000000000000e+00 1.039979242727593913e+02
2.550000000000000000e+02 0.000000000000000000e+00 1.025500100596710240e+02
2.550000000000000000e+02 0.000000000000000000e+00 1.021637064244494155e+02
2.550000000000000000e+02 0.000000000000000000e+00 1.024400026498645673e+02
2.550000000000000000e+02 0.000000000000000000e+00 1.036255238389667426e+02
2.550000000000000000e+02 0.000000000000000000e+00 1.032400335649511192e+02
2.550000000000000000e+02 0.000000000000000000e+00 1.020032693930828742e+02
2.550000000000000000e+02 0.000000000000000000e+00 1.022393048521964403e+02
2.550000000000000000e+02 0.000000000000000000e+00 1.030090708789698937e+02
2.550000000000000000e+02 0.000000000000000000e+00 1.031225415145448068e+02
2.550000000000000000e+02 0.000000000000000000e+00 1.001226887292427250e+02
2.550000000000000000e+02 0.000000000000000000e+00 9.813635025320928662e+01
2.550000000000000000e+02 0.000000000000000000e+00 9.685400473049895709e+01
2.550000000000000000e+02 0.000000000000000000e+00 9.660595532524634166e+01
2.550000000000000000e+02 0.000000000000000000e+00 9.617016546932045173e+01
2.550000000000000000e+02 0.000000000000000000e+00 9.431070398068543170e+01
2.550000000000000000e+02 0.000000000000000000e+00 9.349622762336591109e+01
2.550000000000000000e+02 0.000000000000000000e+00 9.315070245946688487e+01
2.550000000000000000e+02 0.000000000000000000e+00 9.355054984689671471e+01
2.550000000000000000e+02 0.000000000000000000e+00 9.339947444352844741e+01
2.550000000000000000e+02 0.000000000000000000e+00 9.519906862167785278e+01
2.550000000000000000e+02 0.000000000000000000e+00 9.599237182506968225e+01
2.550000000000000000e+02 0.000000000000000000e+00 9.636717553880579601e+01
2.550000000000000000e+02 0.000000000000000000e+00 9.569397253955168026e+01
2.550000000000000000e+02 0.000000000000000000e+00 9.547787608448160768e+01
2.550000000000000000e+02 0.000000000000000000e+00 9.576137846935971254e+01
2.550000000000000000e+02 0.000000000000000000e+00 9.528316011070545244e+01
2.550000000000000000e+02 0.000000000000000000e+00 9.413522160719192300e+01
2.550000000000000000e+02 0.000000000000000000e+00 9.302025796922231393e+01
2.550000000000000000e+02 0.000000000000000000e+00 9.343811584815294680e+01
2.550000000000000000e+02 0.000000000000000000e+00 9.133335050838142877e+01
2.550000000000000000e+02 0.000000000000000000e+00 8.868178193577513468e+01
2.550000000000000000e+02 0.000000000000000000e+00 8.463585095002551384e+01
2.550000000000000000e+02 0.000000000000000000e+00 8.231048561221685134e+01
2.550000000000000000e+02 0.000000000000000000e+00 8.139674483767126389e+01
2.550000000000000000e+02 0.000000000000000000e+00 8.067228781454873854e+01
2.550000000000000000e+02 0.000000000000000000e+00 8.004843976955991991e+01
2.550000000000000000e+02 0.000000000000000000e+00 8.106766846268598670e+01
2.550000000000000000e+02 0.000000000000000000e+00 8.179877590978682633e+01
2.550000000000000000e+02 0.000000000000000000e+00 8.166908957523652646e+01
2.550000000000000000e+02 0.000000000000000000e+00 8.240599482785694363e+01
2.550000000000000000e+02 0.000000000000000000e+00 8.251985435559220150e+01
2.550000000000000000e+02 0.000000000000000000e+00 8.296162971577749090e+01
2.550000000000000000e+02 0.000000000000000000e+00 8.412613477996309541e+01
2.550000000000000000e+02 0.000000000000000000e+00 8.477495166450751185e+01
2.550000000000000000e+02 0.000000000000000000e+00 8.536842072979233365e+01
2.550000000000000000e+02 0.000000000000000000e+00 8.593223707454951921e+01
2.550000000000000000e+02 0.000000000000000000e+00 8.583708240097358555e+01
2.550000000000000000e+02 0.000000000000000000e+00 8.746262954893416008e+01
2.550000000000000000e+02 0.000000000000000000e+00 8.717612398421857733e+01
2.550000000000000000e+02 0.000000000000000000e+00 8.812345792603933603e+01
2.550000000000000000e+02 0.000000000000000000e+00 8.889259215640089451e+01
2.550000000000000000e+02 0.000000000000000000e+00 8.878089668472500762e+01
2.550000000000000000e+02 0.000000000000000000e+00 8.765963471126291040e+01
2.550000000000000000e+02 0.000000000000000000e+00 8.627257292034703084e+01
2.550000000000000000e+02 0.000000000000000000e+00 8.558367683429513306e+01
2.550000000000000000e+02 0.000000000000000000e+00 8.575876418168256521e+01
2.550000000000000000e+02 0.000000000000000000e+00 8.664259215640089451e+01
2.550000000000000000e+02 0.000000000000000000e+00 8.764884755427314644e+01
2.550000000000000000e+02 0.000000000000000000e+00 8.911059872217641953e+01
2.550000000000000000e+02 0.000000000000000000e+00 9.010944554037608611e+01
2.550000000000000000e+02 0.000000000000000000e+00 9.059891355552937853e+01
2.550000000000000000e+02 0.000000000000000000e+00 9.096511379696148936e+01
