2.459846268915868563e+02 0.000000000000000000e+00 7.127738265371995396e+01
2.461145715074372333e+02 0.000000000000000000e+00 5.732390600722131069e+01
2.465079815059680470e+02 0.000000000000000000e+00 1.732238338831679414e+01
2.464581914225801711e+02 0.000000000000000000e+00 1.709868974636374617e+01
2.464710346239977241e+02 1.402412148896101357e-04 1.756132881890184549e+01
2.465290188012270107e+02 0.000000000000000000e+00 1.686911376456393796e+01
2.466452620729877481e+02 0.000000000000000000e+00 1.708586991848201109e+01
2.468850968109592827e+02 0.000000000000000000e+00 1.793467430647380212e+01
2.472741815923388344e+02 0.000000000000000000e+00 1.736561663839581726e+01
2.477901290219176929e+02 0.000000000000000000e+00 1.820600989257077629e+01
2.482815999073962701e+02 9.349414325974008593e-05 1.831754172732655661e+01
2.488143595873791867e+02 1.691798782795296845e-04 1.888601505700916761e+01
2.492798658136439087e+02 0.000000000000000000e+00 1.908516092122895813e+01
2.494945116711855633e+02 0.000000000000000000e+00 1.939525762088570104e+01
2.495390705346529501e+02 0.000000000000000000e+00 1.911985281350589716e+01
2.495168267197357181e+02 0.000000000000000000e+00 1.885666457417869779e+01
2.494607369119329690e+02 0.000000000000000000e+00 1.897909070267526843e+01
2.494293763050224300e+02 0.000000000000000000e+00 1.980135499726195647e+01
2.493682478307132726e+02 0.000000000000000000e+00 1.905195825709108703e+01
2.493504127098609615e+02 0.000000000000000000e+00 1.911732958466339838e+01
2.493608183854006768e+02 0.000000000000000000e+00 1.949716735006433410e+01
2.494235896853699614e+02 0.000000000000000000e+00 1.889874695587521813e+01
2.494448173079919684e+02 0.000000000000000000e+00 1.837523763094745277e+01
2.494157116907747991e+02 0.000000000000000000e+00 1.910513082501903170e+01
2.494004944059337561e+02 0.000000000000000000e+00 1.846923374871445489e+01
2.493367569998174531e+02 0.000000000000000000e+00 1.839277223491071211e+01
2.492161250684510776e+02 0.000000000000000000e+00 1.796633876934994944e+01
2.490657631125535829e+02 0.000000000000000000e+00 1.788649365798061552e+01
2.489146498644334997e+02 0.000000000000000000e+00 1.761107326824360086e+01
2.488069245769389966e+02 5.119917368985766481e-05 1.779517770565372459e+01
2.487228043345665753e+02 0.000000000000000000e+00 1.721170635715653319e+01
2.486769732829355348e+02 8.904204119975247085e-06 1.692894779019914253e+01
2.486078076513825863e+02 0.000000000000000000e+00 1.677798813960011159e+01
2.485543802006117176e+02 7.791178604978339929e-06 1.689572063949993819e+01
2.485483286808866694e+02 0.000000000000000000e+00 1.659500340585807621e+01
2.485712848321335002e+02 2.838215063242109843e-04 1.664822272085765320e+01
2.485843651079857466e+02 0.000000000000000000e+00 1.685312737909203662e+01
2.485780141843971762e+02 0.000000000000000000e+00 1.648438647807562418e+01
2.484477245306371458e+02 1.012853218647184208e-04 1.645651965825664576e+01
2.482595263853828556e+02 0.000000000000000000e+00 1.680494895664988064e+01
2.479613880318592294e+02 0.000000000000000000e+00 1.726965380454381460e+01
2.477820061617092620e+02 0.000000000000000000e+00 1.648752521002791482e+01
2.476932868979088482e+02 0.000000000000000000e+00 1.704483155471855937e+01
2.476414455084968438e+02 0.000000000000000000e+00 1.656455436684430538e+01
2.476477129551717837e+02 3.227773993491026857e-05 1.620929443086553334e+01
2.476671753193270149e+02 0.000000000000000000e+00 1.678167781918232748e+01
2.476890930177683288e+02 2.103618223344151899e-04 1.637415688317238960e+01
2.476805127040732373e+02 1.335630617996286893e-05 1.609888675187989904e+01
2.476803379590673728e+02 0.000000000000000000e+00 1.646692533379635037e+01
2.476905677765757048e+02 0.000000000000000000e+00 1.576282650603482516e+01
2.477029212467666639e+02 0.000000000000000000e+00 1.599889253961257829e+01
2.477440152618058562e+02 0.000000000000000000e+00 1.613239438500888312e+01
2.477703338631334873e+02 0.000000000000000000e+00 1.625164839078771095e+01
2.478281444083824283e+02 0.000000000000000000e+00 1.614416796890651895e+01
2.478708077893977588e+02 0.000000000000000000e+00 1.669082933757173492e+01
2.479337349129391441e+02 0.000000000000000000e+00 1.679970660647424552e+01
2.479612255301340440e+02 0.000000000000000000e+00 1.694243432036435948e+01
2.480485891288572020e+02 0.000000000000000000e+00 1.601480769145151939e+01
2.481248191333538102e+02 0.000000000000000000e+00 1.595899280095096984e+01
2.481532547092109553e+02 0.000000000000000000e+00 1.631737811257585236e+01
2.486297298019259756e+02 4.452102059987623543e-06 1.638224969169193201e+01
2.486556877829867460e+02 0.000000000000000000e+00 1.658733799913629170e+01
2.486130377582775566e+02 0.000000000000000000e+00 1.664608571186886010e+01
2.485526327505531867e+02 0.000000000000000000e+00 1.638945987097808299e+01
2.483850166731222089e+02 0.000000000000000000e+00 1.601086646810291469e+01
2.481853165221959614e+02 0.000000000000000000e+00 1.598162840084946090e+01
2.479956536353639365e+02 0.000000000000000000e+00 1.590346729708431894e+01
2.478292752423056413e+02 0.000000000000000000e+00 1.602773214373166155e+01
2.476959759675530677e+02 4.786009714486695181e-05 1.586329486717153436e+01
2.475784950114196477e+02 3.116471441991335972e-05 1.570365806965758892e+01
2.474731504855017192e+02 2.226051029993811771e-06 1.527832316028012549e+01
2.472777755517267337e+02 4.452102059987623543e-06 1.531106837093133599e+01
2.469983004100386097e+02 2.226051029993811466e-04 1.484846380218420059e+01
2.468033094700662957e+02 4.452102059987623543e-06 1.414813479184196865e+01
2.465820155111235863e+02 0.000000000000000000e+00 1.465875194222952338e+01
2.462025272357343511e+02 0.000000000000000000e+00 1.485427268234696996e+01
2.459131506190647940e+02 0.000000000000000000e+00 1.408924572486899685e+01
2.457539979876498819e+02 0.000000000000000000e+00 1.392253787625827499e+01
2.455180877776442117e+02 1.268849087096472566e-04 1.364314287240720702e+01
2.453505529510758549e+02 3.450379096490407949e-05 1.329984907374016601e+01
2.451388343506386605e+02 2.370744346943409210e-04 1.361157969485292440e+01
2.449633669912249161e+02 3.517160627390222209e-04 1.323231068549015355e+01
2.447409722500478608e+02 0.000000000000000000e+00 1.358671247879686383e+01
2.444797151099891721e+02 1.691798782795296845e-04 1.310965972583955441e+01
2.443241597770387159e+02 0.000000000000000000e+00 1.319175537480021276e+01
2.441207721725812974e+02 0.000000000000000000e+00 1.275464576849959641e+01
2.438826314594435871e+02 4.897312265986385389e-05 1.302934269165186265e+01
2.437561572571489705e+02 8.125086259477412923e-05 1.265854603250924981e+01
2.432923161170546678e+02 1.869882865194801719e-04 1.259569459470288955e+01
2.424316123732820358e+02 3.595072413440005693e-04 1.195072079532351239e+01
2.416166695605330119e+02 2.448656132993192965e-04 1.182957242011815957e+01
2.409547154438968448e+02 7.791178604978339929e-06 1.228967268145654934e+01
2.405885801356110392e+02 0.000000000000000000e+00 1.172118488244224466e+01
2.402047666430705135e+02 6.789455641481125013e-05 1.150657241566605649e+01
2.399062932688669036e+02 5.119917368985766481e-05 1.158134880884009377e+01
2.396890462706967071e+02 0.000000000000000000e+00 1.166546348608495443e+01
2.394052581551379433e+02 0.000000000000000000e+00 1.136751212084785756e+01
2.390448426849737018e+02 6.678153089981434467e-06 1.091967406160818754e+01
2.386651329175070089e+02 1.992315671844461285e-04 1.106010782991189245e+01
2.382583910993575671e+02 2.148139243944028253e-04 1.110971203803875973e+01
2.379249676109575091e+02 1.847622354894863542e-04 1.077171067569553031e+01
2.375695652077128273e+02 1.502584445245822747e-04 1.083493609007492964e+01
2.373100989257077629e+02 0.000000000000000000e+00 1.061285856116965576e+01
2.370564114721765918e+02 0.000000000000000000e+00 1.039834849274084760e+01
2.367764610685935338e+02 0.000000000000000000e+00 1.087664449519840737e+01
2.365510155244798796e+02 0.000000000000000000e+00 1.078212302938832501e+01
2.362947870336979577e+02 1.113025514996905886e-06 1.043025893425580897e+01
2.360263898349605824e+02 1.213197811346627259e-04 1.040640457141839548e+01
2.357696782911051514e+02 0.000000000000000000e+00 1.009976938111329225e+01
2.354725661471063631e+02 0.000000000000000000e+00 9.842937630502241575e+00
2.351492889993010067e+02 0.000000000000000000e+00 9.864772965055450982e+00
2.348433360936366228e+02 0.000000000000000000e+00 9.973520009972709488e+00
2.340237241388521454e+02 2.470916643293130871e-04 9.906706201332958983e+00
2.334352964877366787e+02 8.681599016975864638e-05 1.034903367124787898e+01
2.329656831973216242e+02 2.226051029993811771e-06 9.989686705578039394e+00
2.325151349209529315e+02 0.000000000000000000e+00 9.792942750419610931e+00
2.321301694470043913e+02 0.000000000000000000e+00 8.957662735460548475e+00
2.316889316290686622e+02 0.000000000000000000e+00 8.808704304737482005e+00
2.313216499045024079e+02 0.000000000000000000e+00 9.320926437917663065e+00
2.310759250355055201e+02 2.114748478494121123e-04 9.362962072542551084e+00
2.300437897628365249e+02 6.232942883982671943e-05 8.905983847773725870e+00
2.298903169006246401e+02 0.000000000000000000e+00 8.631489495265189049e+00
2.297668489802460101e+02 8.236388810977102453e-05 8.950119761545414221e+00
2.296213732063593795e+02 1.758580313695111105e-04 8.733971319558529345e+00
2.294495120496142135e+02 1.535975210695729877e-04 8.899051924866325791e+00
2.292589119952985754e+02 0.000000000000000000e+00 8.712488814093573453e+00
2.290249039458980462e+02 3.628463178889912823e-04 8.644064457533623624e+00
2.288452605147520273e+02 5.899035229483600643e-05 8.737211336832684694e+00
2.286975074906617067e+02 0.000000000000000000e+00 8.291219786922395585e+00
2.285164972641832719e+02 4.452102059987623543e-06 8.533518763384131844e+00
2.283683012559379790e+02 0.000000000000000000e+00 8.179379644098961677e+00
2.281715984827236241e+02 0.000000000000000000e+00 8.653308134435674148e+00
2.279841115607734139e+02 1.001722963497215255e-05 8.355333395662762896e+00
2.278161025853356705e+02 6.678153089981434467e-06 8.369448785243953637e+00
2.275921963555092589e+02 0.000000000000000000e+00 8.440942866174264481e+00
2.274195705502353064e+02 0.000000000000000000e+00 8.318060397216544999e+00
2.271400163837355706e+02 0.000000000000000000e+00 8.221148152600250114e+00
2.265741642291407913e+02 0.000000000000000000e+00 8.696102852461789823e+00
2.258452594017265369e+02 0.000000000000000000e+00 8.082920400867269706e+00
2.252819360411018010e+02 1.892143375494739963e-05 7.715220178707376419e+00
2.248389474340309846e+02 5.453825023484838459e-05 7.463487197980526844e+00
2.245416193630822761e+02 2.025706437294368415e-04 7.560524101454501711e+00
2.242967103417878718e+02 0.000000000000000000e+00 7.718083993357463868e+00
2.241453922969730286e+02 3.561681647990098834e-05 7.188062356141451836e+00
2.240187867576676410e+02 2.003445926994430509e-05 7.365421858930694121e+00
2.238881309185131840e+02 4.118194405488551226e-05 7.173206804592788366e+00
2.235311090631441573e+02 5.787732677983910436e-05 7.128022420785973701e+00
2.234090157292765753e+02 4.674707162987004296e-05 7.151650839443843388e+00
2.232665106204894698e+02 1.992315671844461285e-04 7.387539901964712996e+00
2.230907271618294487e+02 2.226051029993811771e-06 7.408416921549509482e+00
2.229911136042882731e+02 0.000000000000000000e+00 7.206840209604965075e+00
2.229566899511604277e+02 0.000000000000000000e+00 6.911202824413546608e+00
2.229877255546206243e+02 1.335630617996286893e-05 6.721844906572638223e+00
2.230227135116845432e+02 0.000000000000000000e+00 6.793774180479313252e+00
2.230160064199311591e+02 0.000000000000000000e+00 6.930188813648364032e+00
2.230295986875203198e+02 3.672984199489789042e-05 7.166040033301723788e+00
2.230348210032366865e+02 3.250034503790965169e-04 7.090787265207267431e+00
2.230199865991727961e+02 0.000000000000000000e+00 7.059818443277993794e+00
2.229637131421600600e+02 1.023983473797153296e-04 7.193111039877478241e+00
2.229639112607017353e+02 8.125086259477412923e-05 7.262461433665905020e+00
2.229898692417625057e+02 7.012060744480506783e-05 7.493083659449808920e+00
2.229401693134413449e+02 1.113025514996905886e-06 7.062288246895771948e+00
2.225824351217427193e+02 2.226051029993811771e-06 6.866581631517321149e+00
2.222010168601105136e+02 2.426395622693254517e-04 7.074509267050437700e+00
2.218633037713756551e+02 1.992315671844461285e-04 6.824462519978808039e+00
2.216081560283687963e+02 4.429841549687685027e-04 6.695202414820156989e+00
2.214242508225258632e+02 1.168676790746751040e-04 6.484083735135544480e+00
2.214340076041903274e+02 0.000000000000000000e+00 7.316574508154024770e+00
2.214982770365027989e+02 9.126809222974626822e-05 6.908485929131439107e+00
2.216706323765766058e+02 9.905927083472461662e-05 6.730993976305913229e+00
2.217467199138073113e+02 6.010337780983291528e-05 7.184977049413880934e+00
2.217781461892232358e+02 7.679876053478649383e-05 6.854613268154559513e+00
2.218275144359409410e+02 6.678153089981434128e-05 6.568360914105594972e+00
2.219091526314149121e+02 2.982908380191707587e-04 6.707405626566583123e+00
2.220934473961881110e+02 1.981185416694492332e-04 6.862452306856682505e+00
2.222352368295690894e+02 0.000000000000000000e+00 6.516639731449203943e+00
2.224836596724143192e+02 6.789455641481125013e-05 6.849750459679537329e+00
2.230549010965527259e+02 0.000000000000000000e+00 6.771755196716129355e+00
2.234305160431497654e+02 0.000000000000000000e+00 6.520241482015733503e+00
2.238458982783721467e+02 0.000000000000000000e+00 6.725027046520014373e+00
2.253439037366492528e+02 2.226051029993811602e-05 7.183219582125700775e+00
2.256380630239567608e+02 0.000000000000000000e+00 6.884042775796592295e+00
2.258987603121813947e+02 0.000000000000000000e+00 7.297476103342193099e+00
2.262126680112014867e+02 1.023983473797153296e-04 4.914083334446359252e+00
2.264459870978082279e+02 6.789455641481125013e-05 3.830524056933481081e+00
2.269213369217276011e+02 3.316816034690779429e-04 3.260523656244295854e+00
2.275546562309394290e+02 1.357891128296225003e-04 3.251263283959521466e+00
2.282550331013788139e+02 1.168676790746751040e-04 3.216316508839648591e+00
2.287476025430406992e+02 0.000000000000000000e+00 3.155888127579436819e+00
2.290792318343105762e+02 0.000000000000000000e+00 3.153422776063718569e+00
2.295742699665647137e+02 0.000000000000000000e+00 3.027942505553997243e+00
2.304086851606986102e+02 6.566850538481744598e-05 3.039466771736275330e+00
2.311877941169923361e+02 3.005168890491645764e-05 3.117784812099032354e+00
2.319683477804045140e+02 2.559958684492883241e-05 3.257550765093739198e+00
2.328031480813666292e+02 8.792901568475555523e-05 3.266596323454118878e+00
2.334737203545654154e+02 1.780840823995049417e-05 3.774814903856856141e+00
2.340287605793075159e+02 2.226051029993811602e-05 3.534419201025764234e+00
2.344243153780057298e+02 2.003445926994430509e-05 3.673974792198136274e+00
2.346896829212912792e+02 7.791178604978339929e-06 3.846925600922475486e+00
2.350093004412033224e+02 1.335630617996286893e-05 3.796962998579779480e+00
2.351873066118167799e+02 8.125086259477412923e-05 3.848462689158686167e+00
2.357053498684403792e+02 4.452102059987623204e-05 3.737180172118265808e+00
2.363285039156237701e+02 1.602756741595544408e-04 4.471632318699273689e+00
2.367772969507553000e+02 4.674707162987004296e-05 4.268557474411543318e+00
2.372396800274249529e+02 4.786009714486695181e-05 4.455210740251009938e+00
2.376980962811591382e+02 1.625017251895482585e-04 4.569764439280006307e+00
2.382835810928129661e+02 1.958924906394554155e-04 4.459419089723212437e+00
2.386839886827565635e+02 0.000000000000000000e+00 4.373081700524902971e+00
2.389857165435660420e+02 1.558235720995668054e-04 4.063387916104589159e+00
2.392704607480421828e+02 0.000000000000000000e+00 4.196890874526407522e+00
2.395212554482598932e+02 3.672984199489789042e-05 4.441950154265336792e+00
2.398632536852274768e+02 6.121640332482982413e-05 4.300391117165969668e+00
2.401656115184784426e+02 4.674707162987004296e-05 4.282642812303829594e+00
2.404012557153860143e+02 0.000000000000000000e+00 4.237890282396834074e+00
2.403870067627430274e+02 1.669538272495358532e-05 4.018836843815807747e+00
2.403089413791721825e+02 7.902481156478031153e-05 4.018862443402652751e+00
2.403203643600325847e+02 6.900758192980815898e-05 3.990937746256895124e+00
2.403960311736186100e+02 6.678153089981434128e-05 3.947370588523371193e+00
2.405133073330572984e+02 7.791178604978340268e-05 3.919586132592503436e+00
2.406973249544772671e+02 0.000000000000000000e+00 4.065708574303357636e+00
2.411389467662156676e+02 1.035113728947122385e-04 4.148250546495527935e+00
2.413788059907485319e+02 1.001722963497215255e-04 4.407460832632127179e+00
2.417214097135962731e+02 0.000000000000000000e+00 3.896010026133839066e+00
2.420773630644708874e+02 1.413542404046070310e-04 4.583515869517793107e+00
2.422749317715359325e+02 0.000000000000000000e+00 4.940056897864326224e+00
2.425160665233089787e+02 4.452102059987623543e-06 4.296723698094055521e+00
2.427485174500140204e+02 2.103618223344151899e-04 4.656189757494001213e+00
2.432186182456046595e+02 1.224328066496596347e-05 4.793498150151593862e+00
2.434738750651119972e+02 0.000000000000000000e+00 4.789184063255466306e+00
2.437804523780903025e+02 0.000000000000000000e+00 4.698583786334717516e+00
2.441529196885309432e+02 0.000000000000000000e+00 5.023429187090685311e+00
2.442912008654886336e+02 6.232942883982671943e-05 4.908061866410225349e+00
2.444837253409197046e+02 0.000000000000000000e+00 5.004949624465191427e+00
2.447188141380952970e+02 4.452102059987623543e-06 5.131835646200353374e+00
2.448284894462920533e+02 0.000000000000000000e+00 5.207893131742151738e+00
2.449960999585954369e+02 0.000000000000000000e+00 5.168933899640715701e+00
2.451928272183711499e+02 0.000000000000000000e+00 5.647558244625200174e+00
2.453536315796503402e+02 5.676430126484219551e-05 5.172088213950216229e+00
2.452937085119739322e+02 0.000000000000000000e+00 4.891847310707750474e+00
2.449722967949317365e+02 6.900758192980815898e-05 4.720519293184277210e+00
2.444283523215486298e+02 2.671261235992573787e-05 5.065803181472132266e+00
2.444705159541077251e+02 3.561681647990098834e-05 5.444432201163779794e+00
2.445338281844773007e+02 4.452102059987623543e-06 5.170672445495140934e+00
2.446164836852719873e+02 1.780840823995049417e-05 4.985523990151950358e+00
2.446283741368487199e+02 8.904204119975247085e-06 5.058974769937625737e+00
2.446666700057432138e+02 1.780840823995049417e-05 4.890643017100524403e+00
2.447260699514275757e+02 1.335630617996286893e-05 5.239611019843018802e+00
2.448079697078975698e+02 2.226051029993811602e-05 5.078596296741506144e+00
2.448911995298580280e+02 2.226051029993811602e-05 5.363884770694482995e+00
2.449946474602983812e+02 5.565127574984529005e-06 5.043638391366483731e+00
2.451460356257206854e+02 0.000000000000000000e+00 5.256191760939927349e+00
2.453189530436795849e+02 1.424672659196039534e-04 5.316088116003971464e+00
2.454825856027923692e+02 0.000000000000000000e+00 5.139882820673781438e+00
2.456056706423938181e+02 0.000000000000000000e+00 5.345073526465520253e+00
2.456815990169758663e+02 5.342522471985147574e-05 5.086513247229679457e+00
2.457338644691090792e+02 1.135286025296843910e-04 5.447704496177870226e+00
2.457833640528375554e+02 7.012060744480506783e-05 5.023492629545039279e+00
2.458324707385592092e+02 7.345968398979578083e-05 5.667105198719575299e+00
2.458206159037989664e+02 2.203790519693873560e-04 5.215137814819266637e+00
2.458349338640238955e+02 2.003445926994430509e-05 4.925662138878871943e+00
2.458750617729160695e+02 0.000000000000000000e+00 5.430778717171312664e+00
2.458601227444538040e+02 0.000000000000000000e+00 5.329238512463660093e+00
2.457162530663852920e+02 0.000000000000000000e+00 5.084419646235970092e+00
2.454611242448121970e+02 0.000000000000000000e+00 4.833941045264521286e+00
2.452832015511123700e+02 2.114748478494121056e-05 5.007160093137975387e+00
2.451820586965135647e+02 0.000000000000000000e+00 4.499313263257247009e+00
2.452117275046413170e+02 0.000000000000000000e+00 4.926467969351729259e+00
2.451523776451051333e+02 1.101895259846936780e-04 5.230723511105768608e+00
2.451500870385952737e+02 6.789455641481125013e-05 4.678915512459207449e+00
2.451626675659912848e+02 6.232942883982671943e-05 4.630921852252541271e+00
2.451749286550644911e+02 1.068504494397029515e-04 4.652948627194329667e+00
2.450537847319612013e+02 2.114748478494121056e-05 4.453320822926544409e+00
2.450671989154679409e+02 0.000000000000000000e+00 4.849701486556877938e+00
2.450740173097728132e+02 7.012060744480506783e-05 4.301462960736912144e+00
2.451047045362467998e+02 3.450379096490407949e-05 4.756871819529591150e+00
2.451590847368585173e+02 0.000000000000000000e+00 4.521400141576845222e+00
2.452783075779229023e+02 0.000000000000000000e+00 4.397429133665459844e+00
2.453692083717327250e+02 0.000000000000000000e+00 4.854596572771834317e+00
2.455509164652090419e+02 0.000000000000000000e+00 4.723530027202343717e+00
2.456747027108849579e+02 1.001722963497215255e-04 4.500227057205059111e+00
2.457758867474277906e+02 1.068504494397029515e-04 4.694436653265839254e+00
2.459163082724508342e+02 0.000000000000000000e+00 4.987856891631383682e+00
2.460121720470320099e+02 0.000000000000000000e+00 4.568425469585465137e+00
2.460881204560733408e+02 0.000000000000000000e+00 4.296462137098030709e+00
2.462219027838994236e+02 1.669538272495358532e-05 4.662687600450552416e+00
2.463226171236749451e+02 2.604479705092759391e-04 4.961661836135931480e+00
2.462853107344632804e+02 0.000000000000000000e+00 4.552622733323538284e+00
2.461451574485893445e+02 0.000000000000000000e+00 4.790220290009927773e+00
2.459207191925667644e+02 1.502584445245822747e-04 4.732069158953399857e+00
2.455996380441025337e+02 0.000000000000000000e+00 4.545342433429944151e+00
2.455001892143375528e+02 5.008614817486076274e-05 4.396441880033657768e+00
2.454251167563765250e+02 6.566850538481744598e-05 4.377322327737041441e+00
2.453014863342727381e+02 4.118194405488551226e-05 4.469237087791000818e+00
2.453040663274164785e+02 5.008614817486076274e-05 4.537643635942710141e+00
2.452206517432205715e+02 1.335630617996286893e-05 4.470583848664146487e+00
2.451740415737290277e+02 0.000000000000000000e+00 4.178753010734018503e+00
2.450638386914381499e+02 0.000000000000000000e+00 4.613864736235213648e+00
2.450984304114187466e+02 0.000000000000000000e+00 4.380126039009318184e+00
2.450917066242826650e+02 9.015506671474937293e-05 4.553628908389096175e+00
2.451020343880363157e+02 4.006891853988861019e-05 4.529031044507664028e+00
2.451651874557572341e+02 8.458993913976484223e-05 4.599837275669707459e+00
2.451670395302141969e+02 2.226051029993811771e-06 4.814671234523379972e+00
2.451433220695151078e+02 2.671261235992573787e-05 4.288046551179139243e+00
2.451555709153076634e+02 0.000000000000000000e+00 4.487333769639334946e+00
2.451641979760744050e+02 9.683321980473079892e-05 4.403256935261984140e+00
2.451908972321281510e+02 0.000000000000000000e+00 4.620880136056238818e+00
2.452231527115527570e+02 0.000000000000000000e+00 4.832124587624046619e+00
2.452658550484611339e+02 7.791178604978339929e-06 4.504191654089478192e+00
2.453313755214524576e+02 2.626740215392697839e-04 4.855489219234861764e+00
2.453860684822338953e+02 0.000000000000000000e+00 4.584621103854185087e+00
2.453826514939028414e+02 0.000000000000000000e+00 4.501282205393276392e+00
2.453305029094486827e+02 0.000000000000000000e+00 4.558688722380272118e+00
2.452432684216852863e+02 0.000000000000000000e+00 4.089891279667694945e+00
2.451371191783200345e+02 0.000000000000000000e+00 4.255951347428688081e+00
2.450923410488261993e+02 5.231219920485457366e-05 4.050553618891159502e+00
2.450829359832244734e+02 0.000000000000000000e+00 4.253371354284925410e+00
2.450825664587534902e+02 0.000000000000000000e+00 3.821032175341587678e+00
2.451120215659823884e+02 1.992315671844461285e-04 4.127774216096129933e+00
2.451524711392484051e+02 0.000000000000000000e+00 4.327250648893874896e+00
2.451678576039677182e+02 0.000000000000000000e+00 4.590190683531229610e+00
2.451683773868832077e+02 0.000000000000000000e+00 4.496493969627759490e+00
2.451772637825949630e+02 0.000000000000000000e+00 4.717054444756091591e+00
2.451793284449252610e+02 0.000000000000000000e+00 3.957924296456571955e+00
2.452221754751505784e+02 0.000000000000000000e+00 4.145878689123069449e+00
2.453015442115995199e+02 4.006891853988861019e-05 3.970471433087132240e+00
2.453613359422651286e+02 0.000000000000000000e+00 4.450836549977071677e+00
2.453764085337892311e+02 8.125086259477412923e-05 3.862032696237528651e+00
2.454015996402701489e+02 8.904204119975247085e-06 4.139917324464746251e+00
2.454563972254499902e+02 4.674707162987004296e-05 4.504888408061866301e+00
2.454703122704384839e+02 4.340799508487932319e-05 4.147981194320898624e+00
2.454962023569428311e+02 1.346760873146256050e-04 4.138553868208874498e+00
2.455216995454403843e+02 1.914403885794678073e-04 4.202499410096477206e+00
2.455668171477163071e+02 1.190937301046689217e-04 4.017601385494161015e+00
2.455410817717585417e+02 0.000000000000000000e+00 3.929110291924331921e+00
2.453391132748326982e+02 0.000000000000000000e+00 4.094603829698192143e+00
2.450505925747841900e+02 1.446933169495977609e-05 3.929899427014464930e+00
2.446901759915944297e+02 3.339076544990717064e-05 3.437918775850017372e+00
2.442127281145793063e+02 7.123363295980197668e-05 3.755418208207005115e+00
2.441543710738025084e+02 0.000000000000000000e+00 3.468821929273906868e+00
2.441243806013009134e+02 6.455547986982053713e-05 3.901992538276947364e+00
2.442090684866859931e+02 0.000000000000000000e+00 4.375046190558872006e+00
2.443585589436052317e+02 1.079634749546998603e-04 4.621350945849082237e+00
2.444177251539314284e+02 1.179807045896720129e-04 5.710838197254833659e+00
2.444720463641908452e+02 2.904996594141924103e-04 6.148892762217680996e+00
2.445032555996313590e+02 0.000000000000000000e+00 6.327331899756470257e+00
2.444507731075227071e+02 1.669538272495358532e-05 6.336022402977565804e+00
2.443166112379960282e+02 1.224328066496596347e-05 7.075160386976711457e+00
2.442045807678095173e+02 2.192660264543904336e-04 6.539223019148490579e+00
2.441244974689799676e+02 3.350206800140686559e-04 6.191420354120197977e+00
2.440611551869214964e+02 0.000000000000000000e+00 6.505368122058830416e+00
2.439071881413809422e+02 2.459786388143161647e-04 6.549514053060152108e+00
2.438606959525940283e+02 3.172122717741181685e-04 6.641155008837422713e+00
2.437404279805710132e+02 0.000000000000000000e+00 6.658149795425909900e+00
2.437023625079581279e+02 0.000000000000000000e+00 6.589840080494004937e+00
2.436280925413934142e+02 5.453825023484838459e-05 6.622571934839034391e+00
2.436743320733884559e+02 6.344245435482362828e-05 6.847454288042099435e+00
2.436849469977249782e+02 4.118194405488551226e-05 6.694552407919399428e+00
2.436809968701722653e+02 3.784286750989479927e-05 6.587676358892851525e+00
2.434471090275273468e+02 2.882736083841986197e-04 6.769205255261272036e+00
2.430669340153953613e+02 4.786009714486695181e-05 6.683290815758660131e+00
2.412736184014282230e+02 4.563404611487313411e-05 5.880349757137832256e+00
2.409457956574196373e+02 0.000000000000000000e+00 4.228470747463414448e+00
2.407607262268880390e+02 1.780840823995049417e-05 2.871485621936397337e+00
2.407462390867848114e+02 0.000000000000000000e+00 3.100206800140686614e+00
2.407231449203741533e+02 5.342522471985147574e-05 3.217174651511711225e+00
2.407117041311055061e+02 1.369021383446194227e-04 3.262853218647184139e+00
2.407229668362917607e+02 0.000000000000000000e+00 3.239846981252198166e+00
2.407889358585656225e+02 0.000000000000000000e+00 3.795168801449604334e+00
2.409826212196088306e+02 4.563404611487313411e-05 5.331258653773379486e+00
2.410964113831345514e+02 7.679876053478649383e-05 5.715791160796570125e+00
2.412017815086393000e+02 7.123363295980197668e-05 5.564575514329090922e+00
2.414219034517147406e+02 0.000000000000000000e+00 5.934023186547528361e+00
2.417868322403422781e+02 1.558235720995667986e-05 6.146132458940488874e+00
2.419525917912142177e+02 5.453825023484838459e-05 6.104766865675628651e+00
2.422091230249362184e+02 8.904204119975247085e-06 5.749820802892085858e+00
2.423907609978051028e+02 5.565127574984529005e-06 5.623267575785907191e+00
2.425903376028992113e+02 0.000000000000000000e+00 5.937071763433104721e+00
2.428912351466744894e+02 0.000000000000000000e+00 5.962772635599898230e+00
2.431254791574841931e+02 0.000000000000000000e+00 6.312212561160752244e+00
2.433752687956618672e+02 2.337353581493502148e-05 6.386042882647041452e+00
2.435932058696513423e+02 7.234665847479887198e-05 6.721001233232271055e+00
2.435336055793742958e+02 0.000000000000000000e+00 5.886442458806925515e+00
2.433933599123826355e+02 2.337353581493502148e-05 6.091366038475065636e+00
2.431823436310453985e+02 6.678153089981434467e-06 5.895641614688375221e+00
2.430381322541437896e+02 0.000000000000000000e+00 5.592297640831118244e+00
2.429536691999127527e+02 0.000000000000000000e+00 5.163670401980295033e+00
2.429307364222017327e+02 0.000000000000000000e+00 5.818638057458828783e+00
2.429334655607645175e+02 6.010337780983291528e-05 5.566803791410114499e+00
2.429669921153272583e+02 1.113025514996905886e-06 5.447198069568546686e+00
2.429145697265964259e+02 6.789455641481125013e-05 5.409700239968301183e+00
2.429831810714428855e+02 3.539421137690160657e-04 5.752056871151713935e+00
2.430042150276252926e+02 4.730358438736849739e-04 5.762423590798395168e+00
2.430386342286510626e+02 2.604479705092759391e-04 6.015883987124520438e+00
2.431039554700751921e+02 3.784286750989479927e-05 6.157106890518358355e+00
2.432231337901189931e+02 3.105341186841366883e-04 6.526839497268634993e+00
2.436059622550787367e+02 6.566850538481744598e-05 6.013445348221162945e+00
2.441524789304270087e+02 0.000000000000000000e+00 6.173181205005943362e+00
2.447968939909978587e+02 0.000000000000000000e+00 6.108438736849603146e+00
2.453074209863187036e+02 0.000000000000000000e+00 6.552524787078218615e+00
2.455846355731858921e+02 1.190937301046689217e-04 6.809463388138709661e+00
2.457299755579597047e+02 0.000000000000000000e+00 7.220977859696455781e+00
2.458284705248583180e+02 0.000000000000000000e+00 7.107430335733016413e+00
2.459944170640167727e+02 0.000000000000000000e+00 6.928590509008828668e+00
2.460434358207227490e+02 1.780840823995049417e-05 7.201463183342014851e+00
2.458930371349832740e+02 4.452102059987623204e-05 6.120700938948324676e+00
2.456815400266235656e+02 1.513714700395791971e-04 6.089616362365490865e+00
2.455751125268795647e+02 0.000000000000000000e+00 5.982819338150507704e+00
2.455903654285370976e+02 0.000000000000000000e+00 6.148452004113742042e+00
2.456383880274071316e+02 0.000000000000000000e+00 6.056030817450459125e+00
2.458037624714509093e+02 0.000000000000000000e+00 6.080933650322999817e+00
2.460511902694857440e+02 0.000000000000000000e+00 6.439714086005707827e+00
2.462249313263257307e+02 4.340799508487932319e-05 6.786529497402198352e+00
2.463057180572807567e+02 0.000000000000000000e+00 6.455002604479704864e+00
2.463774369693650783e+02 0.000000000000000000e+00 6.266783311740637963e+00
2.464285125972227775e+02 6.010337780983291528e-05 6.006258542470827244e+00
2.464548556851117382e+02 1.313370107696348920e-04 6.286118790987164751e+00
2.464930803203732523e+02 0.000000000000000000e+00 6.226788965910254880e+00
2.465058511751323351e+02 4.452102059987623543e-06 6.108239505282418769e+00
2.465428225436639877e+02 0.000000000000000000e+00 6.036976933659227385e+00
2.465714362036035254e+02 2.337353581493502148e-05 5.946737277005338385e+00
2.471444106084687746e+02 4.786009714486695181e-05 6.896385115732392990e+00
2.472281769087274483e+02 0.000000000000000000e+00 6.044243877246642249e+00
2.473207338845035679e+02 5.453825023484838459e-05 6.094154167390133381e+00
2.474403640929064636e+02 0.000000000000000000e+00 6.523297850079915250e+00
2.476820865221514225e+02 0.000000000000000000e+00 6.322634932083182946e+00
2.479381870149991300e+02 4.452102059987623204e-05 5.875358950728586827e+00
2.480324012857670652e+02 0.000000000000000000e+00 6.321664373834106065e+00
2.480466658207672879e+02 0.000000000000000000e+00 6.196464585754164034e+00
2.480356190425309251e+02 0.000000000000000000e+00 5.719244878969605317e+00
2.480220835392430558e+02 0.000000000000000000e+00 5.965477287601340883e+00
2.480186543076313512e+02 4.786009714486695181e-05 6.152291942140482028e+00
2.480142701001277885e+02 1.458063424645946664e-04 5.808286920169358325e+00
2.480079781668914904e+02 5.565127574984529005e-06 5.916353906496952142e+00
2.480109521710675722e+02 1.313370107696348920e-04 5.900239523090827554e+00
2.480800966551357192e+02 1.157546535596782087e-04 5.737794562202544135e+00
2.480559896355063927e+02 0.000000000000000000e+00 5.875393454519551639e+00
2.480329555724735542e+02 3.116471441991335972e-05 6.173736604737927181e+00
2.479766264641850739e+02 3.439248841340438725e-04 5.885564281675593534e+00
2.479291403436132271e+02 9.015506671474937293e-05 5.768291461313459045e+00
2.478796218384510155e+02 7.568573501978959853e-05 6.062280455717166561e+00
2.478514122067734320e+02 6.232942883982671943e-05 6.026084865969467685e+00
2.478081856348474901e+02 0.000000000000000000e+00 5.512781985014224340e+00
2.477886097420897329e+02 5.565127574984528666e-05 6.015453246250216601e+00
2.478440117001242129e+02 4.786009714486695181e-05 6.303920521074025451e+00
2.478940165974364902e+02 5.676430126484219551e-05 6.583932141060401477e+00
2.480111625328898981e+02 0.000000000000000000e+00 6.338615752427508632e+00
2.481631951400853779e+02 0.000000000000000000e+00 6.474565140931290763e+00
2.483245916309385564e+02 1.135286025296843910e-04 6.424358786000810007e+00
2.483940221625640561e+02 0.000000000000000000e+00 6.360912992569441649e+00
2.484128634584819224e+02 5.565127574984529005e-06 6.094184219079037845e+00
2.483368660763179321e+02 8.236388810977102453e-05 6.366356800363291768e+00
2.482987449524293027e+02 8.570296465476175108e-05 6.440602280366674925e+00
2.482924663754992025e+02 0.000000000000000000e+00 5.548610276341975123e+00
2.483489568724873493e+02 5.565127574984529005e-06 5.914822383388316673e+00
2.483576273412491844e+02 0.000000000000000000e+00 6.054894418399647371e+00
2.483809507909159322e+02 1.480323934945884570e-04 6.250790248115647429e+00
2.484261095751359107e+02 1.791971079145018235e-04 6.171182211181009514e+00
2.484813000583225460e+02 0.000000000000000000e+00 5.959896577669146822e+00
2.485070955376581026e+02 0.000000000000000000e+00 6.181789344338930015e+00
2.485386631673144393e+02 4.786009714486695181e-05 6.228961591715528101e+00
2.485886068482233782e+02 0.000000000000000000e+00 6.091707737308169612e+00
2.486301060045500435e+02 0.000000000000000000e+00 6.309963136594943123e+00
2.486906968875354380e+02 0.000000000000000000e+00 5.962861677641098090e+00
2.487532366781976236e+02 0.000000000000000000e+00 6.717381674257500990e+00
2.488445159006824952e+02 0.000000000000000000e+00 6.695684354868150834e+00
2.489448262121960909e+02 0.000000000000000000e+00 6.924789526875113843e+00
2.490916710074661751e+02 5.676430126484219551e-05 6.725898545498257164e+00
2.492042257126702509e+02 0.000000000000000000e+00 6.622491797001954339e+00
2.492371935284244557e+02 0.000000000000000000e+00 6.988181895081762462e+00
2.493008007105554782e+02 0.000000000000000000e+00 6.557035879490501706e+00
2.493057703694799443e+02 0.000000000000000000e+00 6.672950808724339211e+00
2.492233641864006017e+02 1.747450058545142152e-04 6.536961351302017498e+00
2.491654000436305978e+02 0.000000000000000000e+00 6.695684354868150834e+00
2.490291245386509331e+02 0.000000000000000000e+00 6.442353069501765006e+00
2.490168523193225667e+02 1.113025514996905886e-06 6.037946378882789844e+00
2.489637743585633984e+02 0.000000000000000000e+00 6.362319856820398023e+00
2.489380156090698222e+02 2.036836692444337639e-04 6.704881284698570809e+00
2.489487529662129930e+02 1.469193679795915617e-04 6.421037517864059296e+00
2.489785263987391772e+02 0.000000000000000000e+00 6.456834644477390306e+00
2.489844020604328421e+02 5.676430126484219551e-05 6.664659881663126839e+00
2.489440927283817189e+02 2.337353581493502148e-05 7.212378624567589824e+00
2.488755626343978236e+02 3.339076544990717233e-06 6.070431141563489064e+00
2.488847395297689786e+02 0.000000000000000000e+00 6.515417629433737368e+00
2.489014805465400570e+02 2.426395622693254517e-04 6.584436341618695288e+00
2.489212723662477345e+02 0.000000000000000000e+00 6.442650247314269052e+00
2.489533553267175137e+02 8.904204119975247085e-06 6.221283941713079635e+00
2.489985953618000849e+02 6.344245435482362828e-05 6.951169344606055844e+00
2.490864253182139976e+02 0.000000000000000000e+00 6.600670931780440398e+00
2.491872531865920450e+02 0.000000000000000000e+00 6.916052276582388636e+00
2.493048699318383115e+02 0.000000000000000000e+00 6.622921424850742866e+00
2.494776359783271573e+02 0.000000000000000000e+00 6.861268047708725781e+00
2.496393574726307065e+02 0.000000000000000000e+00 7.489727887522093397e+00
2.496969632211848875e+02 0.000000000000000000e+00 7.575170404206345687e+00
2.496848935725002434e+02 0.000000000000000000e+00 7.239992787594663248e+00
2.496295127619505649e+02 1.213197811346627259e-04 7.250424062721213758e+00
2.495703331953181703e+02 0.000000000000000000e+00 6.707647153103337700e+00
2.495266035358594650e+02 0.000000000000000000e+00 6.354455218531430027e+00
2.495175891422134953e+02 4.340799508487932319e-05 6.832978278194048904e+00
2.495250041181944027e+02 2.036836692444337639e-04 6.778769483511640104e+00
2.495536200041849781e+02 0.000000000000000000e+00 7.167877638426983111e+00
2.495904566966293032e+02 1.714059293095235022e-04 7.505267949762480129e+00
2.496008044948422366e+02 4.452102059987623543e-06 6.660802135228148124e+00
2.495995378718061772e+02 1.224328066496596483e-04 6.335926682783275865e+00
2.495767086054680703e+02 0.000000000000000000e+00 6.915412286911265305e+00
2.495631697631036445e+02 0.000000000000000000e+00 7.432112121738279065e+00
2.495672957486877408e+02 3.561681647990098834e-05 7.268963728724517459e+00
2.495709576026320917e+02 0.000000000000000000e+00 6.774611220187611416e+00
2.495844908798689232e+02 0.000000000000000000e+00 6.605825352940390971e+00
2.496180942331922097e+02 0.000000000000000000e+00 7.063164197976074199e+00
2.496425696642669720e+02 4.006891853988861019e-05 6.699220436929295808e+00
2.496628912841198087e+02 0.000000000000000000e+00 6.600690966239709745e+00
2.497008933142783462e+02 0.000000000000000000e+00 6.891668113599836332e+00
2.497188887108048050e+02 0.000000000000000000e+00 7.182988072818581315e+00
2.497318688143606948e+02 0.000000000000000000e+00 7.603712830512926679e+00
2.497386493657980679e+02 8.236388810977102453e-05 7.554288932519488853e+00
2.497384479081798361e+02 0.000000000000000000e+00 7.370187834185911058e+00
2.496896595477554683e+02 1.113025514996905886e-06 6.549426124044467556e+00
2.495645699492015126e+02 5.787732677983910436e-05 6.809675976012074194e+00
2.494975246312546346e+02 3.160992462591212461e-04 6.590545738670512854e+00
2.494661016949152668e+02 8.681599016975864638e-05 6.742734169438100444e+00
2.494840848481610465e+02 2.893866338991955218e-05 6.555788177888190127e+00
2.494954766643070627e+02 3.561681647990098834e-05 7.100065445900281880e+00
2.495305514373611402e+02 0.000000000000000000e+00 6.574525962433162896e+00
2.496166094571551923e+02 3.339076544990717064e-05 6.649075298402140177e+00
2.496812639962958542e+02 0.000000000000000000e+00 6.657597734770472009e+00
2.497302571534149820e+02 0.000000000000000000e+00 6.890867848254553785e+00
2.497520590972027321e+02 0.000000000000000000e+00 6.338397599426569329e+00
2.498186836915049582e+02 5.787732677983910436e-05 6.712419806511644715e+00
2.498558643088334179e+02 0.000000000000000000e+00 6.756722674110581472e+00
2.499128022420785840e+02 1.224328066496596347e-05 6.761878208296047355e+00
2.499865357303450821e+02 0.000000000000000000e+00 7.143724984751550267e+00
2.499905938213727552e+02 0.000000000000000000e+00 6.965442783810376071e+00
2.500567965790047822e+02 2.303962816043594950e-04 6.733784331272009815e+00
2.500854158040718858e+02 2.448656132993192694e-05 6.911810536344734857e+00
2.501397492576119816e+02 1.068504494397029515e-04 6.544913918606670045e+00
2.501456716663772681e+02 6.678153089981434128e-05 6.896101294226069101e+00
2.501603847506600289e+02 0.000000000000000000e+00 6.135185853000494127e+00
2.501957077284039599e+02 0.000000000000000000e+00 6.638729726240244489e+00
2.502514614025011781e+02 2.226051029993811771e-06 7.195606443082101400e+00
2.502586359649708641e+02 1.146416280446812999e-04 6.942927390667503751e+00
2.501273401361452784e+02 3.116471441991335972e-05 6.956281470796436217e+00
2.498994871178426820e+02 2.448656132993192694e-05 6.500665589257968335e+00
2.498104595459746236e+02 1.558235720995667986e-05 6.370025332460721224e+00
2.497912709860960945e+02 7.123363295980197668e-05 6.076857750887080911e+00
2.497688045660758860e+02 7.345968398979578083e-05 6.376707937652763114e+00
2.498057859518371515e+02 0.000000000000000000e+00 6.403725519003797828e+00
2.498053897147538294e+02 1.190937301046689217e-04 6.229414593100131903e+00
2.498092919822094018e+02 7.123363295980197668e-05 6.422173916914871050e+00
2.498111796734828260e+02 5.342522471985147574e-05 6.506287481134217288e+00
2.498066875025043032e+02 5.008614817486076274e-05 6.331348808840093767e+00
2.498492507112233056e+02 0.000000000000000000e+00 6.104588781593228930e+00
2.498473552287712778e+02 1.869882865194801719e-04 6.529091147885473845e+00
2.498453117139257245e+02 0.000000000000000000e+00 6.455194044868284742e+00
2.498503314589983688e+02 7.791178604978340268e-05 6.713981381309185537e+00
2.498704137783654460e+02 0.000000000000000000e+00 6.629348034174335602e+00
2.498989205878555424e+02 0.000000000000000000e+00 6.193144430642927745e+00
2.499109824453615829e+02 5.342522471985147574e-05 6.291282116351235132e+00
2.499482298442209469e+02 4.229496956988242111e-05 6.493909524381937359e+00
2.500232076950132125e+02 0.000000000000000000e+00 6.840300873057214126e+00
2.501094827547826753e+02 2.226051029993811771e-06 6.814434160088685744e+00
2.501395255394834578e+02 0.000000000000000000e+00 6.818916313837578791e+00
2.502512076326837587e+02 1.836492099744894589e-04 6.952004113742303204e+00
2.503063758553601019e+02 0.000000000000000000e+00 7.189848762093022039e+00
2.503474787746034167e+02 2.237181285143780690e-04 6.632728292663380820e+00
2.503876033444190625e+02 0.000000000000000000e+00 6.473061443460530029e+00
2.504001248814627729e+02 0.000000000000000000e+00 6.520247047143308272e+00
2.503679640092069576e+02 8.904204119975247085e-06 6.950497077194997431e+00
2.502376342865283902e+02 0.000000000000000000e+00 6.467275936833575933e+00
2.498685717211381245e+02 1.335630617996286826e-04 6.386075160386976535e+00
2.497361584146954954e+02 6.678153089981434467e-06 6.615329477812949222e+00
2.495740017274156060e+02 1.803101334294987459e-04 6.666397314492037651e+00
2.494931025808835727e+02 4.229496956988242111e-05 6.704468352232506589e+00
2.494819066572282225e+02 0.000000000000000000e+00 6.339450521563755991e+00
2.494345963946877589e+02 1.836492099744894589e-04 6.331018240262139329e+00
2.494240048438870474e+02 0.000000000000000000e+00 6.235982556664128929e+00
2.493473229510313161e+02 0.000000000000000000e+00 5.967724486116119387e+00
2.492514903411645832e+02 0.000000000000000000e+00 6.077875056207788340e+00
2.492149986866298832e+02 4.674707162987004296e-05 6.074039570283109590e+00
2.492145189726329306e+02 0.000000000000000000e+00 6.540200255550658426e+00
2.492280711713035259e+02 1.680668527645327621e-04 6.740676185260871200e+00
2.492269058335893419e+02 0.000000000000000000e+00 6.915077266231251407e+00
2.492293700720795186e+02 1.113025514996905886e-06 7.043239928232114977e+00
2.492087434832356223e+02 0.000000000000000000e+00 6.660870029784562441e+00
2.491835367943974688e+02 7.012060744480506783e-05 6.171235636405729252e+00
2.491436459599399882e+02 0.000000000000000000e+00 6.698830877999046862e+00
2.491046755975833946e+02 5.732081402234065265e-04 5.978716726102229373e+00
2.490791706179072378e+02 1.535975210695729877e-04 6.479396784691892286e+00
2.490390115443006493e+02 0.000000000000000000e+00 6.483814382960915168e+00
2.490401412651983719e+02 1.046243984097091473e-04 6.514063077381986311e+00
2.490185062752378542e+02 0.000000000000000000e+00 6.696720581622613189e+00
2.489971907236001414e+02 0.000000000000000000e+00 6.910507183466673808e+00
2.488615051221434271e+02 2.671261235992573787e-05 6.719500874838054472e+00
2.487114804129769823e+02 0.000000000000000000e+00 6.310490710689052207e+00
2.483149750904889856e+02 1.892143375494739896e-04 5.966940916153562036e+00
2.480221581119525638e+02 2.226051029993811771e-06 6.591957055023529577e+00
2.479727831870817738e+02 0.000000000000000000e+00 6.186201377480377239e+00
2.480222048590241855e+02 0.000000000000000000e+00 6.251685120629705494e+00
2.480292469714575816e+02 0.000000000000000000e+00 6.463185568065962450e+00
2.480447580950345809e+02 0.000000000000000000e+00 6.145498034396940312e+00
2.480453457725064936e+02 3.116471441991335972e-05 6.066448736270830366e+00
2.478800470141977428e+02 7.791178604978340268e-05 6.552858694732718092e+00
2.477432661956342770e+02 4.897312265986385389e-05 5.968111818995338602e+00
2.476893657090195120e+02 0.000000000000000000e+00 5.895373375539261218e+00
2.476524945127842159e+02 0.000000000000000000e+00 5.994452680833255442e+00
2.476430182135495386e+02 0.000000000000000000e+00 5.513044659035763573e+00
2.476217494089834474e+02 7.234665847479887198e-05 5.428671759871423141e+00
2.476179840436662118e+02 9.126809222974626822e-05 5.550908674030443635e+00
2.476082072275424935e+02 0.000000000000000000e+00 5.633163485639745005e+00
2.475849683678148665e+02 0.000000000000000000e+00 5.471754751505923942e+00
2.475761476406085251e+02 0.000000000000000000e+00 5.588454363727834107e+00
2.475596002902770465e+02 0.000000000000000000e+00 5.938770240368990372e+00
2.475793353456834609e+02 0.000000000000000000e+00 5.838614639401993323e+00
2.476102930373575930e+02 0.000000000000000000e+00 5.714976426119592112e+00
2.476132915280949760e+02 5.008614817486076274e-05 5.964832845828158092e+00
2.476144613179112639e+02 0.000000000000000000e+00 5.537964187291029461e+00
2.476051809111671957e+02 3.450379096490407949e-05 5.617411948551508161e+00
2.475661459933307640e+02 2.559958684492883241e-05 5.780730634469064988e+00
2.474453237346012884e+02 0.000000000000000000e+00 5.826900045856651111e+00
2.473460017897450314e+02 0.000000000000000000e+00 5.751571592027175939e+00
2.472870904622617445e+02 2.226051029993811771e-06 5.126197058941379225e+00
2.472228577597912818e+02 3.784286750989479927e-05 5.661138268933677331e+00
2.472228076736431035e+02 2.448656132993192694e-05 4.745767163966466917e+00
2.472717095626700257e+02 4.786009714486695181e-05 4.769709455819564958e+00
2.474037600227947564e+02 0.000000000000000000e+00 4.851648168182607357e+00
2.475959439124182495e+02 4.452102059987623543e-06 5.353695022104687062e+00
2.478583263212725853e+02 0.000000000000000000e+00 6.041239821381664932e+00
2.481234423207917530e+02 2.003445926994430509e-04 6.460025688628886265e+00
2.483307555662406116e+02 5.119917368985766481e-05 6.537113835797572214e+00
2.484495810571961556e+02 9.238111774474317708e-05 6.218176374475208767e+00
2.484935021570434515e+02 0.000000000000000000e+00 6.659581146238195970e+00
2.485178072952144248e+02 1.001722963497215255e-04 6.563446906456883667e+00
2.485867825994043017e+02 1.335630617996286893e-05 6.746658697403979055e+00
2.485948364520308189e+02 6.678153089981434128e-05 6.287888501556009757e+00
2.485373943182273422e+02 0.000000000000000000e+00 6.743325185986563497e+00
2.484449274975179662e+02 0.000000000000000000e+00 6.385064533219359184e+00
2.484104504191654144e+02 0.000000000000000000e+00 6.853755125482496879e+00
2.483628429788124379e+02 0.000000000000000000e+00 6.747810678812000695e+00
2.482676837493822575e+02 8.458993913976484223e-05 5.779691068638057594e+00
2.481754673594137444e+02 0.000000000000000000e+00 6.589032023970117891e+00
2.481696139582303715e+02 2.782563787492264333e-05 6.007662067645238579e+00
2.481959025078690786e+02 4.674707162987004296e-05 6.317926834154746096e+00
2.480919414726663206e+02 8.347691362476793338e-05 6.135372841287013657e+00
2.477871483395885264e+02 0.000000000000000000e+00 6.322254277357053809e+00
2.472185102821296994e+02 1.669538272495358668e-04 5.952221153717728086e+00
2.470845264966854131e+02 2.559958684492883241e-05 6.318817254566743813e+00
2.471071042192571099e+02 0.000000000000000000e+00 6.629660794344049535e+00
2.473016265754876031e+02 4.452102059987623543e-06 6.364393423354837154e+00
2.475170192731498275e+02 0.000000000000000000e+00 6.754644655474081993e+00
2.477017113880318675e+02 0.000000000000000000e+00 6.552150810505180445e+00
2.479981479255430372e+02 1.302239852546379696e-04 6.728392835677365014e+00
2.481217037749373446e+02 0.000000000000000000e+00 6.840921941294582531e+00
2.482545489352797858e+02 8.458993913976484223e-05 7.124518616464763809e+00
2.482966168476446285e+02 4.563404611487313411e-05 6.812666675570870467e+00
2.483545398084705766e+02 0.000000000000000000e+00 7.018113377231059324e+00
2.484727364400101521e+02 0.000000000000000000e+00 7.251042904907552433e+00
2.486022803666751315e+02 0.000000000000000000e+00 7.150198341146772663e+00
2.486996600820077106e+02 2.181530009393935383e-04 6.869369760432388006e+00
2.489245825041293187e+02 3.339076544990717233e-06 7.838784932305788544e+00
2.491698621629202250e+02 1.780840823995049417e-05 7.532020631040945879e+00
2.494572475769434448e+02 1.224328066496596347e-05 7.956718889823830132e+00
2.504415461260034022e+02 5.008614817486076274e-05 8.999569259125696163e+00
2.505080761131368092e+02 0.000000000000000000e+00 7.754669142035411689e+00
2.505437396766883467e+02 0.000000000000000000e+00 7.978386157524274935e+00
2.505843061176334459e+02 1.892143375494739963e-05 8.059418867118109731e+00
2.506095729098493905e+02 7.012060744480506783e-05 8.064426368910080356e+00
2.506378604533130385e+02 1.558235720995667986e-05 8.575119205032656566e+00
2.506725356502072373e+02 6.010337780983291528e-05 7.979561512468111850e+00
2.506709785275117781e+02 0.000000000000000000e+00 7.873555849394291428e+00
2.506312501947794544e+02 0.000000000000000000e+00 7.804690734730402646e+00
2.505460358483258005e+02 0.000000000000000000e+00 7.939846536041992309e+00
2.504849641383179062e+02 0.000000000000000000e+00 7.176757355985628806e+00
2.504463443789985320e+02 0.000000000000000000e+00 7.995281884841928033e+00
2.504301209190919622e+02 0.000000000000000000e+00 7.529275910120963644e+00
2.504321343822485915e+02 0.000000000000000000e+00 7.910808813381238203e+00
2.504351807330831150e+02 0.000000000000000000e+00 7.348883412803354886e+00
2.504413969805843863e+02 5.119917368985766481e-05 7.431050295396971705e+00
2.504430553886017208e+02 1.780840823995049417e-05 7.126063495879579435e+00
2.504284747543552783e+02 3.339076544990717233e-06 6.793139755935764690e+00
2.504175548610276394e+02 0.000000000000000000e+00 7.546069239091236724e+00
2.504257177901546356e+02 7.791178604978340268e-05 7.771483618490470313e+00
2.504414882486766203e+02 0.000000000000000000e+00 7.416727883069991201e+00
2.504721799272526539e+02 1.012853218647184208e-04 7.702338021396802681e+00
2.505129778775048521e+02 0.000000000000000000e+00 7.393792879307965471e+00
2.505263698005012998e+02 3.116471441991335972e-05 7.537667009478525415e+00
2.505531759070044870e+02 1.012853218647184208e-04 7.301568698160836313e+00
2.505729187535895051e+02 1.291109597396410743e-04 7.314525428180915334e+00
2.505934563003922335e+02 1.291109597396410743e-04 8.567855600521786741e+00
2.506095016762164391e+02 0.000000000000000000e+00 7.349362013774803692e+00
2.506119202806605131e+02 0.000000000000000000e+00 7.361526269628204666e+00
2.506225752739155723e+02 0.000000000000000000e+00 7.221053545431475484e+00
2.506498499641605804e+02 1.068504494397029515e-04 7.929003441474892000e+00
2.506606307292988447e+02 3.339076544990717233e-06 8.149713062022234666e+00
2.506069116658430289e+02 3.339076544990717064e-05 7.758770641058175599e+00
2.504847715849038252e+02 2.671261235992573787e-05 7.434439458090137620e+00
2.502588541179717936e+02 1.446933169495977609e-05 7.081717220285558057e+00
2.501632519043866694e+02 0.000000000000000000e+00 7.044478725630306748e+00
2.501420075863819079e+02 1.157546535596782087e-04 7.386310008770641033e+00
2.501757266943587297e+02 0.000000000000000000e+00 7.048327567861165655e+00
2.501906089585197606e+02 2.726912511742419229e-04 7.386206497397746595e+00
2.502524341868013096e+02 0.000000000000000000e+00 7.215941419241095112e+00
2.502906677262669461e+02 7.345968398979578083e-05 6.692873965442784012e+00
2.502931019130682557e+02 0.000000000000000000e+00 6.771773005124369860e+00
2.502735850106627709e+02 6.344245435482362828e-05 6.661646921594030601e+00
2.502363643244157743e+02 0.000000000000000000e+00 7.148075801489673253e+00
2.502276548997609211e+02 0.000000000000000000e+00 7.009494107642924021e+00
2.502307435455650477e+02 0.000000000000000000e+00 7.000431853899819146e+00
2.502446352170177022e+02 0.000000000000000000e+00 7.008553601082751605e+00
2.502684339285793840e+02 0.000000000000000000e+00 7.647244371429970933e+00
2.502917807517819426e+02 0.000000000000000000e+00 7.004111516252398140e+00
2.503231636192028020e+02 0.000000000000000000e+00 6.712385302720679903e+00
2.503589184508465735e+02 0.000000000000000000e+00 6.973105964481129959e+00
2.503938485305837105e+02 5.453825023484838459e-05 6.801986082728960881e+00
2.504244433759399442e+02 0.000000000000000000e+00 6.542761327260666171e+00
2.504488075044632183e+02 1.513714700395791971e-04 7.121640332482981783e+00
2.504593244825544502e+02 0.000000000000000000e+00 7.177782452484940734e+00
2.504803495345327349e+02 0.000000000000000000e+00 7.558364831955407759e+00
2.503566256182856762e+02 3.339076544990717064e-05 6.676770712291808962e+00
2.499413847373037072e+02 0.000000000000000000e+00 6.277827863925952379e+00
2.495958248186881576e+02 0.000000000000000000e+00 6.464357583933254325e+00
2.492378368571721126e+02 1.279979342246441790e-04 6.636020622136741487e+00
2.485725815068584552e+02 2.671261235992573787e-05 6.638672961938979711e+00
2.486239609906817520e+02 2.226051029993811602e-05 5.997011526492233457e+00
2.486520314941699610e+02 0.000000000000000000e+00 6.009983838869522366e+00
2.486960638965687735e+02 2.393004857243347387e-04 6.382426662748816426e+00
2.486949953920743610e+02 1.613886996745513361e-04 6.787599114922110211e+00
2.486793907743541183e+02 2.003445926994430509e-05 5.994787701513269340e+00
2.486489662219016736e+02 2.448656132993192694e-05 6.164671011918277266e+00
2.485790337157689009e+02 8.904204119975247085e-06 5.772395186387252686e+00
2.484937826394732383e+02 1.780840823995049417e-05 6.260381188978375810e+00
2.484040549745562316e+02 4.786009714486695181e-05 5.962287356475360234e+00
2.483961246677618817e+02 2.226051029993811602e-05 6.460089131083241121e+00
2.484346208812490886e+02 1.424672659196039534e-04 6.375567086499891012e+00
2.485663919719695514e+02 2.159269499093997206e-04 6.709023965665388722e+00
2.487169987934803430e+02 2.782563787492264333e-05 6.193232359658613184e+00
2.487847297351444524e+02 1.736319803395172928e-04 6.028965376002279442e+00
2.488775204462787087e+02 0.000000000000000000e+00 6.161412073210366103e+00
2.488690603393392280e+02 8.904204119975247085e-06 6.177446318779411527e+00
2.487079354267117139e+02 6.678153089981434467e-06 6.376258275344704352e+00
2.485358872816800329e+02 1.124155770146874822e-04 6.365879312417358271e+00
2.482932933534568463e+02 8.681599016975864638e-05 6.130508919786477051e+00
2.481236560216906355e+02 0.000000000000000000e+00 6.213212280678321875e+00
2.479312884828571839e+02 6.455547986982053713e-05 6.023867719143593646e+00
2.473638947879241243e+02 5.342522471985147574e-05 6.065705235226812597e+00
2.471513447574272107e+02 5.565127574984529005e-06 5.887987338221741140e+00
2.470301351658185354e+02 0.000000000000000000e+00 6.287556819952540899e+00
2.470400800487950335e+02 3.672984199489789042e-05 5.799360455539082970e+00
2.470899569481730680e+02 0.000000000000000000e+00 5.890877865484188014e+00
2.472103673874619858e+02 2.893866338991955218e-05 6.060866913313120996e+00
2.473980535409793617e+02 1.335630617996286893e-05 6.205998762315627637e+00
2.475591662103261967e+02 6.678153089981434467e-06 6.129792131354819595e+00
2.476560328208963995e+02 0.000000000000000000e+00 6.329690400822748586e+00
2.477032974493907318e+02 0.000000000000000000e+00 6.210025688628886265e+00
2.478310405007724455e+02 2.070227457894244769e-04 6.293312274890589642e+00
2.479457989964961939e+02 1.313370107696348920e-04 5.696254223931829230e+00
2.480241637839305895e+02 0.000000000000000000e+00 6.018098907899364747e+00
2.481097176031663309e+02 9.905927083472461662e-05 5.914231366839853621e+00
2.481591693267976382e+02 2.226051029993811602e-05 6.225851798426627504e+00
2.481882649267851946e+02 0.000000000000000000e+00 6.318872905842493282e+00
2.481903518496258130e+02 0.000000000000000000e+00 6.090141710408569331e+00
2.481977913121680501e+02 5.565127574984529005e-06 6.134723947411770517e+00
2.482061902027042208e+02 0.000000000000000000e+00 6.091967072253164694e+00
2.482124264846647463e+02 2.003445926994430509e-05 6.091508505740985235e+00
2.482356386317800059e+02 1.825361844594925364e-04 6.379112072765155794e+00
2.482519110648092635e+02 0.000000000000000000e+00 6.373093943805567818e+00
2.482139991897174127e+02 0.000000000000000000e+00 5.739705627011793432e+00
2.480335866579405604e+02 0.000000000000000000e+00 5.749059493439827584e+00
2.477002266119948501e+02 9.460716877473699478e-05 6.312716761719046055e+00
2.475802079576872359e+02 2.526567919042975907e-04 5.316743688032304682e+00
2.474471902783899395e+02 3.494900117090284303e-04 5.711839920218331201e+00
2.474445535209449076e+02 0.000000000000000000e+00 5.491801454056532528e+00
2.474639958506408846e+02 2.671261235992573651e-04 5.620837841086669506e+00
2.475189681808265902e+02 0.000000000000000000e+00 5.727362174050478316e+00
2.475887170377493760e+02 1.669538272495358532e-05 5.889782648377431151e+00
2.476060435059413294e+02 1.090765004696967692e-04 5.813807526723742569e+00
2.476212073655576376e+02 7.012060744480506783e-05 6.179470912191191267e+00
2.476022146981697460e+02 9.238111774474317708e-05 5.815359084291648273e+00
2.476088104873716134e+02 1.491454190095853794e-04 5.778571364969970148e+00
2.475885968309937653e+02 0.000000000000000000e+00 5.685296487736684945e+00
2.475950045188835986e+02 1.113025514996905886e-06 5.699015640234536662e+00
2.475948397911073755e+02 2.226051029993811771e-06 5.868384732851615659e+00
2.474934787835076406e+02 8.904204119975247085e-06 6.059716044930613776e+00
2.474646926046132762e+02 4.786009714486695181e-05 5.688287187295481218e+00
2.474813768570830632e+02 8.904204119975247085e-06 5.717249224221215620e+00
2.475108052516995940e+02 0.000000000000000000e+00 5.382786169990160907e+00
2.475041493591199071e+02 4.274017977588118059e-04 5.109334722389175631e+00
2.474917858716993351e+02 1.257718831946503613e-04 5.125525904555836121e+00
2.474745695930333511e+02 7.123363295980197668e-05 5.166651084309457076e+00
2.474096479277691003e+02 1.335630617996286826e-04 5.078395952148807346e+00
2.471439999020537641e+02 0.000000000000000000e+00 4.709159754778218243e+00
2.463315369101521242e+02 0.000000000000000000e+00 4.844986710475351011e+00
2.456885064533219349e+02 1.446933169495977609e-05 4.570432254589004373e+00
2.451863527489504122e+02 2.671261235992573787e-05 4.739179165943199656e+00
2.450807488880874985e+02 2.337353581493502148e-05 4.696191894502989683e+00
2.451234378686897060e+02 0.000000000000000000e+00 4.762943373713898865e+00
2.452961772025661844e+02 7.457270950479268968e-05 4.469020047815575936e+00
2.455277555172674795e+02 0.000000000000000000e+00 4.849710390760997747e+00
2.456615756879610615e+02 5.453825023484838459e-05 5.065136479188648622e+00
2.457854020025555144e+02 0.000000000000000000e+00 4.958594337816600195e+00
2.458239816929563233e+02 5.231219920485457366e-05 4.936706691064186359e+00
2.458917360081562435e+02 0.000000000000000000e+00 5.023550506871819366e+00
2.460448983362494744e+02 3.060820166241491071e-04 5.276714838410955899e+00
2.461459566009091304e+02 2.081357713044213722e-04 5.347900611273613158e+00
2.462628253930093081e+02 0.000000000000000000e+00 5.477620395969957201e+00
2.463858447641053715e+02 4.452102059987623204e-05 4.723978576484887171e+00
2.464881852341582942e+02 1.558235720995668054e-04 5.005196716129520773e+00
2.466332336062471882e+02 2.337353581493502148e-05 5.049357116462537931e+00
2.468074855417985702e+02 0.000000000000000000e+00 5.558244625199788125e+00
2.470155189147556030e+02 4.897312265986385389e-05 5.463535058077671813e+00
2.472383755615213659e+02 3.472639606790345855e-04 5.665345505380365410e+00
2.473300343257068903e+02 0.000000000000000000e+00 5.745994221171526029e+00
2.475536211172104970e+02 2.226051029993811602e-05 5.854013347401975764e+00
2.476732301781285912e+02 7.123363295980197668e-05 5.530708373958765023e+00
2.477058195652077188e+02 3.339076544990717233e-06 5.688312786882326222e+00
2.475645577059208620e+02 0.000000000000000000e+00 5.172543441385850649e+00
2.471084921620743273e+02 0.000000000000000000e+00 5.016603001607208512e+00
2.465867091397203126e+02 1.023983473797153296e-04 5.028451158214350514e+00
2.463007072164122349e+02 2.059097202744275816e-04 4.965362645973296019e+00
2.461364547020876046e+02 1.257718831946503613e-04 4.588316348563974856e+00
2.460710199320609206e+02 3.227773993491026857e-05 4.753598411489985409e+00
2.460627612827396433e+02 3.672984199489789042e-05 4.664008761736853970e+00
2.460895974409317262e+02 0.000000000000000000e+00 4.782716271987818679e+00
2.461658786446020599e+02 1.947794651244585203e-04 5.075656796356399880e+00
2.461591136755218940e+02 0.000000000000000000e+00 5.161791614910979931e+00
2.461519647126390851e+02 6.900758192980815898e-05 5.262947825815959213e+00
2.461528117250559831e+02 8.904204119975247085e-06 5.659964027015355725e+00
2.462084485314741471e+02 4.897312265986385389e-05 5.137073544273929038e+00
2.463038615307217185e+02 0.000000000000000000e+00 5.404635973875064892e+00
2.464126553227106058e+02 0.000000000000000000e+00 5.443168917204258328e+00
2.465593754591230322e+02 0.000000000000000000e+00 5.070825152595798357e+00
2.466245508942047024e+02 3.227773993491026857e-05 5.287461099758250960e+00
2.467711207721725941e+02 6.678153089981434128e-05 5.557468846415835273e+00
2.468789740576012832e+02 5.119917368985766481e-05 5.394835784215517016e+00
2.470120874570928606e+02 0.000000000000000000e+00 5.397581618161014561e+00
2.471367908357931071e+02 5.565127574984528666e-05 5.621066011317243039e+00
2.472697072297685281e+02 0.000000000000000000e+00 5.778549104459671071e+00
2.473842397813127434e+02 2.003445926994430509e-04 5.514703067053108754e+00
2.475008492384679357e+02 1.213197811346627259e-04 5.766203425447325337e+00
2.475414067752089124e+02 6.232942883982671943e-05 5.321905900370859754e+00
2.474630152751621779e+02 0.000000000000000000e+00 4.887198203131609020e+00
2.472640263475399820e+02 7.012060744480506783e-05 5.115299426124044757e+00
2.460673792256013712e+02 1.558235720995668054e-04 4.682516150000222588e+00
2.460130613544184826e+02 5.342522471985147574e-05 4.542548739387301637e+00
2.460528987636512568e+02 5.342522471985147574e-05 4.779181302952189014e+00
2.460335599453281930e+02 5.119917368985766481e-05 4.764212222800995100e+00
2.460124692248445228e+02 2.715782256592450005e-04 4.603716169589471718e+00
2.459809906372293540e+02 0.000000000000000000e+00 4.241703507811212859e+00
2.459203095991772443e+02 0.000000000000000000e+00 4.587675245867336216e+00
2.457396076807664826e+02 7.791178604978339929e-06 4.313439115278278280e+00
2.455867403044347270e+02 1.892143375494739963e-05 4.224310258088356029e+00
2.454461696339926959e+02 2.337353581493502148e-05 4.772308370397082555e+00
2.454147500367298278e+02 4.452102059987623543e-06 4.241930565016272858e+00
2.454527175630974227e+02 6.010337780983291528e-05 4.624595415225298822e+00
2.455129010787443349e+02 5.231219920485457366e-05 4.641280780720617116e+00
2.455754698080698688e+02 0.000000000000000000e+00 4.553537640296866584e+00
2.455739060072212965e+02 1.046243984097091473e-04 4.637482024637932909e+00
2.456480290544180320e+02 1.068504494397029515e-04 4.728419548289725327e+00
2.456759114565942355e+02 1.658408017345389715e-04 4.425048861820108037e+00
2.456796167185336515e+02 8.570296465476175108e-05 4.628750339472782471e+00
2.456547895713961225e+02 4.452102059987623543e-06 5.079017020386175751e+00
2.456256082684439548e+02 7.679876053478649383e-05 4.613369439881039646e+00
2.456083185300939817e+02 2.793694042642233489e-04 4.777956974885692709e+00
2.456104510869807314e+02 4.340799508487932319e-05 5.133142338154959461e+00
2.456197715626433080e+02 1.958924906394554155e-04 4.591786762119735243e+00
2.455736578025314714e+02 1.658408017345389715e-04 4.382621442213941343e+00
2.453777764421471659e+02 5.565127574984528666e-05 4.780435682707590672e+00
2.449816684697680103e+02 2.315093071193564174e-04 4.730279413925284615e+00
2.447992680744213487e+02 5.565127574984528666e-05 4.704733252305075553e+00
2.447871149488230742e+02 1.591626486445575184e-04 4.479298838446572617e+00
2.448713943538441811e+02 2.893866338991955218e-05 4.516544011254914004e+00
2.450313149728644362e+02 0.000000000000000000e+00 4.814199311705021245e+00
2.452037348684181097e+02 0.000000000000000000e+00 4.685386642803399226e+00
2.453764942367538708e+02 0.000000000000000000e+00 5.028283091361586798e+00
2.454639780422326396e+02 3.094210931691398201e-04 5.106571080035438470e+00
2.454877878840494532e+02 0.000000000000000000e+00 4.796069239091236724e+00
2.454704224599644817e+02 4.674707162987004296e-05 4.888231090809525448e+00
2.454965640902352106e+02 1.491454190095853794e-04 5.104641093792434248e+00
2.454776749342202038e+02 9.126809222974626822e-05 4.489475230730189281e+00
2.454764105372351537e+02 4.452102059987623543e-06 4.914684368224457423e+00
2.454937570398863897e+02 7.791178604978339929e-06 4.931711432552879693e+00
2.455238065027402570e+02 3.116471441991335972e-05 4.583374515277387928e+00
2.455246880189481544e+02 7.902481156478031153e-05 5.302968884258702609e+00
2.455384728399513961e+02 2.226051029993811771e-06 4.829925249206413085e+00
2.455401891252955124e+02 6.121640332482982413e-05 4.446569210152573781e+00
2.455901929095822709e+02 0.000000000000000000e+00 4.355669529368291215e+00
2.456254435406677317e+02 0.000000000000000000e+00 4.951270629927920552e+00
2.456672810567509373e+02 1.780840823995049417e-05 5.134671635212565199e+00
2.456933636966693939e+02 1.558235720995667986e-05 4.556055304011788820e+00
2.457205771705110635e+02 2.426395622693254517e-04 4.532078508367725966e+00
2.457908858792679041e+02 3.005168890491645764e-05 4.769068353122927206e+00
2.458292941637394051e+02 6.678153089981434467e-06 4.705886346738612502e+00
2.457159837142106653e+02 9.349414325974008593e-05 4.192297418226015537e+00
2.453716881925801374e+02 1.803101334294987459e-04 4.325768098907899706e+00
2.448308924683789485e+02 3.116471441991335972e-05 4.355625008347691285e+00
