2.505214603142737246e+02 0.000000000000000000e+00 6.044473290383808006e+01
2.505981238479367903e+02 0.000000000000000000e+00 2.564445960250396794e+01
2.506033309455587528e+02 0.000000000000000000e+00 2.286028781048674219e+01
2.505349702516744799e+02 0.000000000000000000e+00 2.182551147044330619e+01
2.504532045608015665e+02 0.000000000000000000e+00 2.127341311846403826e+01
2.504035574799700612e+02 2.429598671363130335e-04 2.130383671271877688e+01
2.503848552734838506e+02 0.000000000000000000e+00 2.136679411603671852e+01
2.503373070008942705e+02 3.650101290310806099e-05 2.083281167302392589e+01
2.503562955122004610e+02 0.000000000000000000e+00 2.044674388151771183e+01
2.503671693920756240e+02 7.300202580621612198e-05 2.049011050681656343e+01
2.503710852663661512e+02 0.000000000000000000e+00 2.017859261219498990e+01
2.503714719489715890e+02 0.000000000000000000e+00 2.055116415418027742e+01
2.503397194897158329e+02 0.000000000000000000e+00 2.054805814611355430e+01
2.503441600660668200e+02 0.000000000000000000e+00 2.000662379318526263e+01
2.503512469658533064e+02 0.000000000000000000e+00 1.997870964356760837e+01
2.503472592301936288e+02 0.000000000000000000e+00 1.931537673607942551e+01
2.503435885970835670e+02 5.018889274177358725e-05 1.934879113207891521e+01
2.503457592666946425e+02 6.843939919332761774e-05 1.913588072381508454e+01
2.503465303505922179e+02 0.000000000000000000e+00 1.925922791232456532e+01
2.503433958261091732e+02 0.000000000000000000e+00 1.906924584344715612e+01
2.503432429781176438e+02 0.000000000000000000e+00 1.916055198656762570e+01
2.503563285912433969e+02 0.000000000000000000e+00 1.905642258135163303e+01
2.503538898673188271e+02 0.000000000000000000e+00 1.956906333838264089e+01
2.503323725202124308e+02 1.049404120964356787e-04 1.892778844925446791e+01
2.503458448159436500e+02 2.281313306444253812e-05 1.888734760827112780e+01
2.503843351340499623e+02 3.045553264103078813e-04 1.913257738214735326e+01
2.503872517931122559e+02 0.000000000000000000e+00 1.920149471647838268e+01
2.503838241198693311e+02 1.003777854835471745e-04 1.886027982589016716e+01
2.503507382329859752e+02 0.000000000000000000e+00 1.871147774350738402e+01
2.503509857554797122e+02 1.231909185479896957e-04 1.826200198930520457e+01
2.503446220320113866e+02 0.000000000000000000e+00 1.835845477524501135e+01
2.503409069132918319e+02 0.000000000000000000e+00 1.870753563411384590e+01
2.503389552497581860e+02 0.000000000000000000e+00 1.822001669921340294e+01
2.503352298651287526e+02 2.383972405234245293e-04 1.840410727647692113e+01
2.503369568193017471e+02 0.000000000000000000e+00 1.887375440293468287e+01
2.503511146496815343e+02 1.095030387093241830e-04 1.824236102239337143e+01
2.503517864964502735e+02 6.387677258043911351e-05 1.846000173379811216e+01
2.503153219845600574e+02 0.000000000000000000e+00 1.735230777654079759e+01
2.503098456919679506e+02 0.000000000000000000e+00 1.780802634460606271e+01
2.503492154563539032e+02 0.000000000000000000e+00 1.809086242768236730e+01
2.503301288485755549e+02 0.000000000000000000e+00 1.728851427189604451e+01
2.503255354242330100e+02 0.000000000000000000e+00 1.746506396802511318e+01
2.503144699140401030e+02 0.000000000000000000e+00 1.718891213293668940e+01
2.503053937090504348e+02 9.125253225777015247e-05 1.733517169163944160e+01
2.503009884930556836e+02 2.748982534265325631e-04 1.795825196649207101e+01
2.503069062197725998e+02 0.000000000000000000e+00 1.718390236891573863e+01
2.502983433102768629e+02 0.000000000000000000e+00 1.697270294563174176e+01
2.503043123665431722e+02 0.000000000000000000e+00 1.751794252915518513e+01
2.502983022466373484e+02 0.000000000000000000e+00 1.675634433230522191e+01
2.503130075922106812e+02 0.000000000000000000e+00 1.710571035533736151e+01
2.503147653441133116e+02 0.000000000000000000e+00 1.709024875440293556e+01
2.503446802055007083e+02 0.000000000000000000e+00 1.729092676071761048e+01
2.503412867519573695e+02 0.000000000000000000e+00 1.720493835891446111e+01
2.503456212472396203e+02 0.000000000000000000e+00 1.677330019345536982e+01
2.503130224207471883e+02 0.000000000000000000e+00 1.738481306918766833e+01
2.503204674867227482e+02 2.098808241928713575e-04 1.779177312795430055e+01
2.503210457996459297e+02 0.000000000000000000e+00 1.675977884948807173e+01
2.503462987972916380e+02 0.000000000000000000e+00 1.695385929772051270e+01
2.502894975179311245e+02 0.000000000000000000e+00 1.748572582264157660e+01
2.503032743689887525e+02 0.000000000000000000e+00 1.683638649097512285e+01
2.501447869709634517e+02 0.000000000000000000e+00 1.714932336247330724e+01
2.501009766302264836e+02 0.000000000000000000e+00 1.746896159180917252e+01
2.501022553063347402e+02 0.000000000000000000e+00 1.729842315624258475e+01
2.501570547332688363e+02 0.000000000000000000e+00 1.735003558848757876e+01
2.501631230266639818e+02 0.000000000000000000e+00 1.788075233150219745e+01
2.501640332706732579e+02 0.000000000000000000e+00 1.714914313872209917e+01
2.501620131677404117e+02 0.000000000000000000e+00 1.764871767379044698e+01
2.501134873523990336e+02 0.000000000000000000e+00 1.680604616465607037e+01
2.501133459109740329e+02 0.000000000000000000e+00 1.698635888708411557e+01
2.501064745952950261e+02 0.000000000000000000e+00 1.721115379701786807e+01
2.501052860310623487e+02 0.000000000000000000e+00 1.710105989816217331e+01
2.501089737740222176e+02 0.000000000000000000e+00 1.644092653258627834e+01
2.501055095997664068e+02 0.000000000000000000e+00 1.634500643330352432e+01
2.500930741609329573e+02 0.000000000000000000e+00 1.691877498038070726e+01
2.500974200627817368e+02 1.072217254028799308e-04 1.680744575036957400e+01
2.501651340043436278e+02 0.000000000000000000e+00 1.758048359279469963e+01
2.501659906374901823e+02 0.000000000000000000e+00 1.761971875969557999e+01
2.501711897505155662e+02 0.000000000000000000e+00 1.691989624587082375e+01
2.501828563867647404e+02 0.000000000000000000e+00 1.718602284963407811e+01
2.501940017429233762e+02 0.000000000000000000e+00 1.736125394667201860e+01
2.502139598123847861e+02 0.000000000000000000e+00 1.755934836566714807e+01
2.502217196995966617e+02 7.984596572554887833e-05 1.773133429452667187e+01
2.502322764769222374e+02 0.000000000000000000e+00 1.774720425054295347e+01
2.502328741810085262e+02 1.072217254028799308e-04 1.771804450385998209e+01
2.502337604712280665e+02 0.000000000000000000e+00 1.763951599656890323e+01
2.502388135802018496e+02 0.000000000000000000e+00 1.815621749128538198e+01
2.502541497089044356e+02 0.000000000000000000e+00 1.742255625718613743e+01
2.502273659500301051e+02 0.000000000000000000e+00 1.784860520504443926e+01
2.502387725165623351e+02 0.000000000000000000e+00 1.763631531399996177e+01
2.502913978519153773e+02 0.000000000000000000e+00 1.759839532422024888e+01
2.503028454820871218e+02 0.000000000000000000e+00 1.813809131640903161e+01
2.503130018889274311e+02 0.000000000000000000e+00 1.729402934681437287e+01
2.503209191867574361e+02 0.000000000000000000e+00 1.750013916011169357e+01
2.503302816965670843e+02 4.334495282244082412e-05 1.770446042377675866e+01
2.503318078951690779e+02 0.000000000000000000e+00 1.786538312375668269e+01
2.503567666033982562e+02 0.000000000000000000e+00 1.820861469530779431e+01
2.503755999853995888e+02 0.000000000000000000e+00 1.828584057270089147e+01
2.504136808077674061e+02 0.000000000000000000e+00 1.789187259321446177e+01
2.504280006113919796e+02 1.642545580639862880e-04 1.806014112204113786e+01
2.504667624057817648e+02 0.000000000000000000e+00 1.734811244137024744e+01
2.504798605661306965e+02 0.000000000000000000e+00 1.794337552242074807e+01
2.505199614914313884e+02 1.642545580639862880e-04 1.833765490117350794e+01
2.505303745460186633e+02 0.000000000000000000e+00 1.737716154435785754e+01
2.505381504024236676e+02 1.733798112897632965e-04 1.828778425163798360e+01
2.505462456426915878e+02 0.000000000000000000e+00 1.857534835654189465e+01
2.505452760845363400e+02 0.000000000000000000e+00 1.790932806197871940e+01
2.505323319128355877e+02 0.000000000000000000e+00 1.775464931651853462e+01
2.505242765955505320e+02 0.000000000000000000e+00 1.812840371945321394e+01
2.505121616812366483e+02 0.000000000000000000e+00 1.772782791597466812e+01
2.504774184202361482e+02 0.000000000000000000e+00 1.747132161042468823e+01
2.504518141003412950e+02 1.642545580639862880e-04 1.756897778913364760e+01
2.504207688482105425e+02 0.000000000000000000e+00 1.789363262643038510e+01
2.503687104192141248e+02 0.000000000000000000e+00 1.782230508459109686e+01
2.503240673991203380e+02 0.000000000000000000e+00 1.763581684704250563e+01
2.502741203255890241e+02 0.000000000000000000e+00 1.886804085375869278e+01
2.502728998229700892e+02 0.000000000000000000e+00 1.840249210665595925e+01
2.502897872447210545e+02 0.000000000000000000e+00 1.780906206084718946e+01
2.502614647400215233e+02 0.000000000000000000e+00 1.770389808004672005e+01
2.502045915992918879e+02 1.574106181446535181e-04 1.828441931451097702e+01
2.501906676035260091e+02 0.000000000000000000e+00 1.758518537951928096e+01
2.499542003540598216e+02 2.247093606847589894e-04 1.797137179931743134e+01
2.499683262460533228e+02 0.000000000000000000e+00 1.840115981968499526e+01
2.499749477579252925e+02 0.000000000000000000e+00 1.801876950522877152e+01
2.499978464402387033e+02 0.000000000000000000e+00 1.898221488146296210e+01
2.499943012793605135e+02 0.000000000000000000e+00 1.892390109138028720e+01
2.499879341339222094e+02 0.000000000000000000e+00 1.883849670578358726e+01
2.499843319402113480e+02 2.372565838702024100e-04 1.880440590038873694e+01
2.499825536564889603e+02 1.825050645155403049e-04 1.877434503494972162e+01
2.499867877739857249e+02 2.509444637088679227e-04 1.882563238004854611e+01
2.499815738324238623e+02 3.650101290310806099e-05 1.835111122771157000e+01
2.500306540068986862e+02 3.193838629021955675e-05 1.825304669392075496e+01
2.500295430073184662e+02 2.737575967733104574e-05 1.816759554140127264e+01
2.500268487763035523e+02 2.737575967733104574e-05 1.810463357545672025e+01
2.500202774533243257e+02 9.125253225777015247e-06 1.918308223678207014e+01
2.500057101272060436e+02 2.053181975799828600e-05 1.803152546858175143e+01
2.499972019692296499e+02 1.140656653222126906e-05 1.793926345518588050e+01
2.499916469713284641e+02 6.843939919332761435e-06 1.825272845071450689e+01
2.499872873815998275e+02 2.509444637088679362e-05 1.797986170678736428e+01
2.499801035259978335e+02 3.421969959666380887e-05 1.780579750150566554e+01
2.499428838994031992e+02 2.509444637088679362e-05 1.833467322468198546e+01
2.499381935192451465e+02 2.053181975799828600e-05 1.796368263281805966e+01
2.499402181848046212e+02 0.000000000000000000e+00 1.822790776194039353e+01
2.499295484824703806e+02 2.144434508057598617e-04 1.771701905352873396e+01
2.499265188983994221e+02 2.190060774186483659e-04 1.765246701220958769e+01
2.499232064314784623e+02 9.125253225777015247e-06 1.767706185096636418e+01
2.499407531527749882e+02 3.421969959666380718e-06 1.719421504571752024e+01
2.499321309291332796e+02 0.000000000000000000e+00 1.742950741883087318e+01
2.499272865603270475e+02 0.000000000000000000e+00 1.721916919132005930e+01
2.499264390524336932e+02 9.125253225777015247e-06 1.792156388589783234e+01
2.499170856678772736e+02 6.273611592721698067e-05 1.740815660759585981e+01
2.499093565783950623e+02 2.600697169346449312e-04 1.766233825488657416e+01
2.498795603452995806e+02 0.000000000000000000e+00 1.773955842899640345e+01
2.498322037030277727e+02 0.000000000000000000e+00 1.777811604584527316e+01
2.497766947876553445e+02 0.000000000000000000e+00 1.763326976073586039e+01
2.497335437464639654e+02 0.000000000000000000e+00 1.684288481192853126e+01
2.496406623565054019e+02 1.779424379026518007e-04 1.714598466044932579e+01
2.495251834175898296e+02 0.000000000000000000e+00 1.747201741098315608e+01
2.494279321719927793e+02 0.000000000000000000e+00 1.728981462048071904e+01
2.493423886262843894e+02 0.000000000000000000e+00 1.782102983045279387e+01
2.492898431368970478e+02 0.000000000000000000e+00 1.712351600569415666e+01
2.491358100031025913e+02 3.764166955633018705e-05 1.696700650630555174e+01
2.491259661361852693e+02 0.000000000000000000e+00 1.699884679612359406e+01
2.491346670651360569e+02 0.000000000000000000e+00 1.723254224992243522e+01
2.491313511762451469e+02 0.000000000000000000e+00 1.661010530542222696e+01
2.491335047360064152e+02 0.000000000000000000e+00 1.706790329056631350e+01
2.491418440767981224e+02 0.000000000000000000e+00 1.720262738853503137e+01
2.491586231361670229e+02 0.000000000000000000e+00 1.744497700436187060e+01
2.491382190699542036e+02 2.326939572573138786e-04 1.740553880057671776e+01
2.491387243808515564e+02 0.000000000000000000e+00 1.717911731425547117e+01
2.491688548263464327e+02 0.000000000000000000e+00 1.732282522402496738e+01
2.492106268136440690e+02 0.000000000000000000e+00 1.728456075593597774e+01
2.492801475553446551e+02 0.000000000000000000e+00 1.695021033708685465e+01
2.493724985399594800e+02 0.000000000000000000e+00 1.737006780063146749e+01
2.494760393663424054e+02 0.000000000000000000e+00 1.753271061084445037e+01
2.495693564871425281e+02 0.000000000000000000e+00 1.735034584709725536e+01
2.497190391564616050e+02 1.254722318544339681e-05 1.750011976894858989e+01
2.498657869162119312e+02 0.000000000000000000e+00 1.778240263354808093e+01
2.499909785465296750e+02 1.414414249995437397e-04 1.770965041154892106e+01
2.502204136477287193e+02 2.714762834668662324e-04 1.801421828518241242e+01
2.503143649736280167e+02 0.000000000000000000e+00 1.742095591590166492e+01
2.507108024747686841e+02 0.000000000000000000e+00 1.687371447995181839e+01
2.507066242494479127e+02 2.167247641122041206e-05 1.699912283503367050e+01
2.507047433066267672e+02 0.000000000000000000e+00 1.687530113335645154e+01
2.506890957786578440e+02 0.000000000000000000e+00 1.732162297191247191e+01
2.506863296862738082e+02 0.000000000000000000e+00 1.677239565272936161e+01
2.506722334513532644e+02 0.000000000000000000e+00 1.581704209479313050e+01
2.506523004763382119e+02 0.000000000000000000e+00 1.609627370284525227e+01
2.506142618582665591e+02 0.000000000000000000e+00 1.608824576131987527e+01
2.505735849013560141e+02 0.000000000000000000e+00 1.607015380614312150e+01
2.505109719763473493e+02 1.870676911284288092e-04 1.638934946069753451e+01
2.504558189458507513e+02 0.000000000000000000e+00 1.528763140364645068e+01
2.504158355081853529e+02 0.000000000000000000e+00 1.541873391674118920e+01
2.503885498603836197e+02 0.000000000000000000e+00 1.524778484477944218e+01
2.503064442538280332e+02 0.000000000000000000e+00 1.545409199167776926e+01
2.502806232091690504e+02 0.000000000000000000e+00 1.499684608435384092e+01
2.502590317193802036e+02 0.000000000000000000e+00 1.449215342288248465e+01
2.502074078805686952e+02 2.555070903217564540e-04 1.499896656507218040e+01
2.501582980490208570e+02 0.000000000000000000e+00 1.526679274724873636e+01
2.501017728085704448e+02 0.000000000000000000e+00 1.470709419998904899e+01
2.500305570510831785e+02 0.000000000000000000e+00 1.454904709543189867e+01
2.500162224189221263e+02 0.000000000000000000e+00 1.430265042979942613e+01
2.499781621283740662e+02 4.904823608855145441e-05 1.476550152391728865e+01
2.499474659171792155e+02 0.000000000000000000e+00 1.486990696804336309e+01
2.498880707845892744e+02 2.338346139105360250e-04 1.482020171372255568e+01
2.498737806380377151e+02 0.000000000000000000e+00 1.473430000182505140e+01
2.498242807019144891e+02 0.000000000000000000e+00 1.511119006989943969e+01
2.498001945960250509e+02 0.000000000000000000e+00 1.477730960159144402e+01
2.497836003230339657e+02 0.000000000000000000e+00 1.490014919789024184e+01
2.497200691694194461e+02 2.965707298377530125e-05 1.453451855163980788e+01
2.497114902907305805e+02 0.000000000000000000e+00 1.453941539065209021e+01
2.496973872118701365e+02 2.053181975799828600e-05 1.454336206267223908e+01
2.496604732812585610e+02 0.000000000000000000e+00 1.412699500848648526e+01
2.496639306115744716e+02 3.764166955633018705e-05 1.511476032522402413e+01
2.496418258262916936e+02 0.000000000000000000e+00 1.462377721606774550e+01
2.496306519537167219e+02 4.140583651196320914e-04 1.508236339495920930e+01
2.496260870457905128e+02 0.000000000000000000e+00 1.479127580165349620e+01
2.496168306170496294e+02 0.000000000000000000e+00 1.439815989268702268e+01
2.495990112788129807e+02 2.281313306444253812e-06 1.479572322194440837e+01
2.495806010804299717e+02 0.000000000000000000e+00 1.437274948442319200e+01
2.495459376653952006e+02 9.125253225777015247e-06 1.415972843246400004e+01
2.495447137408063156e+02 1.140656653222126906e-06 1.460344615188071415e+01
2.495443099483510707e+02 9.125253225777015247e-05 1.402120822915335907e+01
2.495599278192469797e+02 1.026590987899914300e-05 1.478463261730512990e+01
2.495618646542441468e+02 1.140656653222126906e-05 1.448645470224298748e+01
2.495677413173215484e+02 1.243315752012118421e-04 1.424114166043107765e+01
2.495851397532531450e+02 1.026590987899914300e-05 1.423652884492544679e+01
2.496054445823371566e+02 0.000000000000000000e+00 1.507291647655722500e+01
2.496155610661945730e+02 5.703283266110634529e-06 1.457279214498202258e+01
2.496288611227711556e+02 2.292719872976475208e-04 1.458957120435092136e+01
2.496795667329768378e+02 9.125253225777015247e-06 1.512090504261493251e+01
2.497427967532348987e+02 1.368787983866552287e-05 1.468796082528790237e+01
2.497821402825178438e+02 0.000000000000000000e+00 1.461168397423028509e+01
2.498995423685507262e+02 0.000000000000000000e+00 1.430432377310970438e+01
2.499639301553118003e+02 0.000000000000000000e+00 1.517525961345427277e+01
2.500014725877393005e+02 6.159545927399484784e-05 1.467053729490993419e+01
2.500920008030222732e+02 0.000000000000000000e+00 1.420895461099045498e+01
2.501337009289507876e+02 0.000000000000000000e+00 1.461929329476392958e+01
2.501665027923274920e+02 0.000000000000000000e+00 1.486347708648914967e+01
2.501919554048874943e+02 0.000000000000000000e+00 1.485705747084481665e+01
2.501964940777106676e+02 0.000000000000000000e+00 1.422818608216378067e+01
2.502659634898618322e+02 3.421969959666380887e-05 1.420684667749530128e+01
2.502550097640209401e+02 0.000000000000000000e+00 1.371380468307995493e+01
2.502618422973737609e+02 2.075995108864270918e-04 1.430415837789498745e+01
2.502620613034511621e+02 0.000000000000000000e+00 1.358164021864106807e+01
2.502649939317066128e+02 0.000000000000000000e+00 1.386229080356979892e+01
2.502668782964977368e+02 0.000000000000000000e+00 1.402847193072107679e+01
2.502551808625189267e+02 2.281313306444253812e-06 1.384685201576843738e+01
2.502630308616064099e+02 0.000000000000000000e+00 1.460909126165751104e+01
2.502831908272954706e+02 0.000000000000000000e+00 1.439515198109247507e+01
2.502513916011169215e+02 0.000000000000000000e+00 1.468815473691894979e+01
2.502372280674538843e+02 0.000000000000000000e+00 1.406160686584052755e+01
2.502299506780063041e+02 0.000000000000000000e+00 1.420416727501688214e+01
2.501830035314729912e+02 0.000000000000000000e+00 1.430972250104940358e+01
2.502292115324950146e+02 0.000000000000000000e+00 1.395291711532495071e+01
2.502087413081962950e+02 0.000000000000000000e+00 1.385145114339422889e+01
2.501935306517255810e+02 7.072071249977186986e-05 1.417543869654882904e+01
2.501709616191849364e+02 0.000000000000000000e+00 1.450219462340079879e+01
2.501595390834595776e+02 0.000000000000000000e+00 1.363056298249776432e+01
2.501526426733341850e+02 0.000000000000000000e+00 1.380134209661818190e+01
2.501465287536729249e+02 0.000000000000000000e+00 1.399552748526271628e+01
2.501468378716259338e+02 0.000000000000000000e+00 1.317398093734601083e+01
2.501327393553921183e+02 0.000000000000000000e+00 1.325346531491248925e+01
2.501200244556786458e+02 0.000000000000000000e+00 1.394661612797255046e+01
2.501694844688190074e+02 0.000000000000000000e+00 1.339718805321847661e+01
2.501591706513605686e+02 0.000000000000000000e+00 1.340712887595130809e+01
2.501452740313543757e+02 0.000000000000000000e+00 1.367303305166718452e+01
2.501428124942967202e+02 0.000000000000000000e+00 1.409735390469585603e+01
2.501436999251729105e+02 0.000000000000000000e+00 1.402699820232511385e+01
2.501453504553501261e+02 2.543664336685343076e-04 1.375504626503385452e+01
2.501658092730823171e+02 0.000000000000000000e+00 1.419227022612377453e+01
2.501824947986056600e+02 0.000000000000000000e+00 1.396117204752431817e+01
2.501861620097457717e+02 0.000000000000000000e+00 1.411849141313671474e+01
2.502000084408592215e+02 0.000000000000000000e+00 1.446291497089044142e+01
2.502613734874892657e+02 0.000000000000000000e+00 1.393692853101673634e+01
2.502694789936670645e+02 2.851641633055317180e-05 1.463043180698264401e+01
2.502700379154271673e+02 2.167247641122041206e-05 1.433416677312795429e+01
2.502872812220539060e+02 5.703283266110634360e-05 1.430594578687058593e+01
2.502958612413994501e+02 0.000000000000000000e+00 1.423972040224116142e+01
2.503125205318197573e+02 3.421969959666380718e-06 1.452302985782855416e+01
2.503073647637471879e+02 5.132954939499571331e-05 1.419109078714434347e+01
2.503021713540050825e+02 0.000000000000000000e+00 1.410723427262606577e+01
2.502860287810486852e+02 0.000000000000000000e+00 1.400418735057397868e+01
2.502755153486759241e+02 0.000000000000000000e+00 1.388349675140985084e+01
2.502786441698757187e+02 0.000000000000000000e+00 1.385178421513696989e+01
2.503070681930173578e+02 0.000000000000000000e+00 1.393146250433449573e+01
2.502975311627397730e+02 2.623510302410891968e-05 1.348429087657182457e+01
2.503039599036373204e+02 0.000000000000000000e+00 1.390466847955030794e+01
2.503078278703484045e+02 0.000000000000000000e+00 1.412777521763728927e+01
2.502600959520376591e+02 0.000000000000000000e+00 1.397009768583578193e+01
2.502537904020586552e+02 0.000000000000000000e+00 1.391953922033836477e+01
2.502492334787290247e+02 2.190060774186483659e-04 1.372996322522950052e+01
2.502508680397131116e+02 0.000000000000000000e+00 1.335830078659682840e+01
2.502503547442191518e+02 0.000000000000000000e+00 1.344716820579271044e+01
2.502584819228733579e+02 0.000000000000000000e+00 1.376394338692898778e+01
2.502563751300348542e+02 1.596919314510977838e-05 1.368712244264778377e+01
2.502879268337196379e+02 0.000000000000000000e+00 1.372580439107185235e+01
2.502881378552004890e+02 0.000000000000000000e+00 1.387430990272480003e+01
2.502671588980344097e+02 0.000000000000000000e+00 1.385422179840490564e+01
2.502563603014983755e+02 0.000000000000000000e+00 1.375891423174493156e+01
2.502269028434289169e+02 2.281313306444253812e-05 1.337109553227602099e+01
2.499787472852371764e+02 0.000000000000000000e+00 1.435892814775609949e+01
2.499680216907269141e+02 2.281313306444253812e-06 1.414294823243844945e+01
2.499648518058876050e+02 2.737575967733104574e-05 1.355447776175788910e+01
2.499638856697023357e+02 1.482853649188765062e-05 1.349958366032157464e+01
2.499580181318781626e+02 9.125253225777015247e-06 1.386333678572080430e+01
2.499536539795229260e+02 0.000000000000000000e+00 1.360117282317084353e+01
2.499379688098844667e+02 0.000000000000000000e+00 1.333086115014691586e+01
2.499346232639205709e+02 0.000000000000000000e+00 1.344527015312174889e+01
2.499223144379756434e+02 0.000000000000000000e+00 1.394162917708466409e+01
2.499045669611081735e+02 0.000000000000000000e+00 1.366955062690489697e+01
2.498999666928257284e+02 0.000000000000000000e+00 1.302734039932108168e+01
2.499005358804956813e+02 0.000000000000000000e+00 1.291765143357728185e+01
2.498996735440658483e+02 2.144434508057598617e-04 1.307567002171810344e+01
2.499004982388261169e+02 0.000000000000000000e+00 1.363611113645903750e+01
2.498965857865055682e+02 0.000000000000000000e+00 1.326796648294490133e+01
2.498908813625828031e+02 1.254722318544339681e-05 1.288488493055682227e+01
2.498904182559816149e+02 0.000000000000000000e+00 1.302390017885496398e+01
2.499133614239045187e+02 2.041775409267607068e-04 1.272475156498092907e+01
2.499075098552734744e+02 0.000000000000000000e+00 1.229984327377584741e+01
2.498987838318763295e+02 0.000000000000000000e+00 1.231825689412881175e+01
2.498955637581442772e+02 0.000000000000000000e+00 1.262348748927782793e+01
2.498540906228897711e+02 0.000000000000000000e+00 1.262153126311755180e+01
2.498115464110379094e+02 3.878232620955231311e-05 1.246534114759184497e+01
2.497715276130162749e+02 4.790757943532932835e-05 1.287835809318708513e+01
2.497690444034821837e+02 4.106363951599657200e-05 1.215633954154727725e+01
2.497595233423977561e+02 0.000000000000000000e+00 1.199132758746555183e+01
2.497536021937108615e+02 0.000000000000000000e+00 1.231932568941288153e+01
2.497532291989852808e+02 0.000000000000000000e+00 1.227724458416220976e+01
2.497587705090066379e+02 0.000000000000000000e+00 1.205455418575365378e+01
2.497564276002408974e+02 2.509444637088679362e-05 1.212504790757943596e+01
2.497540915354151139e+02 5.703283266110634529e-06 1.214708653477634037e+01
2.497349410508641654e+02 3.421969959666380718e-06 1.192877283594619797e+01
2.497310263172303166e+02 2.600697169346449312e-04 1.228067910134506313e+01
2.497227280400781240e+02 2.258500173379811358e-04 1.199108462759841665e+01
2.497261853703940346e+02 5.247020604821783936e-05 1.240696348073659117e+01
2.497249671490883998e+02 0.000000000000000000e+00 1.253486759257569361e+01
2.497146761447630183e+02 1.140656653222126906e-06 1.184368669355574610e+01
2.497060231233916738e+02 0.000000000000000000e+00 1.207240774368988667e+01
2.496985757761027855e+02 0.000000000000000000e+00 1.192177604803533342e+01
2.497044957841330017e+02 0.000000000000000000e+00 1.202989775153760554e+01
2.496779390159326795e+02 0.000000000000000000e+00 1.205363823846111693e+01
2.496749641833810927e+02 2.281313306444253812e-06 1.160982926651214520e+01
2.496398296771485548e+02 0.000000000000000000e+00 1.184851167119887627e+01
2.496317697972368705e+02 0.000000000000000000e+00 1.183757277389447538e+01
2.496320116164473575e+02 0.000000000000000000e+00 1.206264372273830610e+01
2.496122657091234203e+02 0.000000000000000000e+00 1.196966651762086364e+01
2.496160059222893324e+02 1.596919314510977838e-05 1.175403222126914038e+01
2.496132512364718252e+02 0.000000000000000000e+00 1.241183066267588941e+01
2.496361293869654787e+02 0.000000000000000000e+00 1.163439330753928402e+01
2.495948501633420449e+02 0.000000000000000000e+00 1.148644215501980170e+01
2.495988584308214513e+02 0.000000000000000000e+00 1.118053629113207847e+01
2.496402859398098428e+02 5.703283266110634360e-05 1.106075365466391780e+01
2.497039208931797987e+02 0.000000000000000000e+00 1.136382840873834255e+01
2.496753440220466018e+02 4.437154381034073554e-04 1.132994064022776648e+01
2.496590828207982895e+02 0.000000000000000000e+00 1.101052483893928091e+01
2.496395524975818034e+02 0.000000000000000000e+00 1.132330544047597343e+01
2.496836970507181661e+02 0.000000000000000000e+00 1.155714689832642783e+01
2.496518464949902238e+02 0.000000000000000000e+00 1.120948957896081666e+01
2.496135934334677700e+02 0.000000000000000000e+00 1.073563457010932076e+01
2.496123079134195848e+02 6.387677258043911351e-05 1.122244059460149934e+01
2.492778012246089929e+02 0.000000000000000000e+00 1.107566431843483734e+01
2.493172325844542172e+02 2.737575967733104710e-04 1.126032750533827276e+01
2.493221933002390927e+02 0.000000000000000000e+00 1.102628643257350305e+01
2.493262962422207352e+02 0.000000000000000000e+00 1.068523807785665980e+01
2.493209499844870720e+02 1.368787983866552287e-05 1.107015950942638582e+01
2.493181382658368648e+02 1.140656653222126906e-06 1.122008741992590330e+01
2.493020949300093037e+02 0.000000000000000000e+00 1.107138115270198675e+01
2.492909997627434109e+02 3.307904294344168281e-05 1.115630189987772170e+01
2.492834953826218793e+02 0.000000000000000000e+00 1.111561695837059460e+01
2.492668463581114509e+02 0.000000000000000000e+00 1.073241563703392742e+01
2.492499258573175496e+02 0.000000000000000000e+00 1.081288554194878948e+01
2.492420450605004305e+02 0.000000000000000000e+00 1.079319552680086858e+01
2.492129012830106092e+02 5.247020604821783936e-05 1.143382480426331860e+01
2.491981514518277834e+02 0.000000000000000000e+00 1.052233976055335596e+01
2.491659347453141891e+02 0.000000000000000000e+00 1.054891706057343015e+01
2.491432516471082010e+02 0.000000000000000000e+00 1.082360087054915709e+01
2.491266653587136943e+02 2.828828499990874794e-04 1.053798044458233640e+01
2.490907358147938737e+02 0.000000000000000000e+00 1.080295726643914378e+01
2.490837196357198877e+02 0.000000000000000000e+00 1.067957357691675924e+01
2.490236161553483214e+02 0.000000000000000000e+00 1.155197287974741371e+01
2.489821361761538867e+02 1.140656653222126906e-06 1.054641902250287444e+01
2.489493639698501681e+02 0.000000000000000000e+00 1.037962536272881486e+01
2.488937079097694891e+02 0.000000000000000000e+00 1.007192182395561453e+01
2.488277232036938926e+02 0.000000000000000000e+00 1.028750250944463751e+01
2.487651718741444995e+02 0.000000000000000000e+00 1.038516667275016836e+01
2.487364193418867444e+02 1.825050645155403049e-04 1.074486020112058071e+01
2.486589105816436529e+02 0.000000000000000000e+00 1.058008322230941900e+01
2.486187902651798538e+02 0.000000000000000000e+00 1.049818179329476386e+01
2.485583445878123143e+02 0.000000000000000000e+00 1.025082697607358639e+01
2.485496151424451909e+02 0.000000000000000000e+00 1.044113641341047227e+01
2.485235089336229066e+02 0.000000000000000000e+00 1.045623414487251956e+01
2.485107210318836337e+02 0.000000000000000000e+00 1.041413592977205127e+01
2.484742359881736604e+02 0.000000000000000000e+00 1.043511032431150021e+01
2.484344156644096984e+02 7.756465241910462621e-05 1.074219220520869378e+01
2.484176160732210406e+02 0.000000000000000000e+00 1.042303761429379705e+01
2.483970671436132420e+02 1.231909185479896957e-04 1.058371735440658412e+01
2.483801569087292194e+02 0.000000000000000000e+00 1.071321724490354654e+01
2.483319801343237145e+02 0.000000000000000000e+00 1.050439495008486546e+01
2.481627340627452440e+02 1.254722318544339681e-05 1.010087511178435271e+01
2.480488851221871300e+02 0.000000000000000000e+00 9.806261748763528630e+00
2.477494581880897329e+02 0.000000000000000000e+00 9.791157173361561661e+00
2.475278103498622215e+02 0.000000000000000000e+00 9.728106236198055257e+00
2.474645210154581889e+02 2.144434508057598617e-04 9.534386235468033988e+00
2.473578456645921904e+02 2.167247641122041206e-05 9.925604091763545966e+00
2.473359587447301635e+02 0.000000000000000000e+00 8.900177714306572341e+00
2.473096072947274422e+02 0.000000000000000000e+00 9.649160248571897469e+00
2.473224910116255728e+02 0.000000000000000000e+00 9.526025222199915987e+00
2.473026538517693780e+02 3.878232620955231311e-05 9.275245013049111975e+00
2.472756613527275249e+02 0.000000000000000000e+00 9.655827386709981752e+00
2.472554888398153139e+02 4.106363951599657200e-05 9.338213822933585817e+00
2.472485890077199713e+02 2.486631504024236841e-04 9.587155293559396441e+00
2.472353653751391676e+02 0.000000000000000000e+00 1.015184193236362376e+01
2.472116556859452885e+02 3.650101290310806099e-05 9.564157374117131738e+00
2.471921458945485597e+02 0.000000000000000000e+00 9.750849789206650797e+00
2.471336199423284086e+02 6.159545927399484784e-05 9.419799290055298258e+00
2.471123136167028633e+02 9.467450221743653742e-05 9.617529839578049078e+00
2.470447000529264585e+02 2.053181975799828600e-05 9.546288987644407698e+00
2.469701125143722606e+02 0.000000000000000000e+00 9.344030031208365727e+00
2.469024373551366125e+02 0.000000000000000000e+00 9.481921732703082029e+00
2.468841503476721471e+02 6.273611592721698067e-05 9.056618774295985830e+00
2.463641181355282583e+02 7.870530907232675905e-05 9.534641742558356725e+00
2.463294056722573941e+02 1.368787983866552287e-05 8.703131558775755394e+00
2.463085966729326799e+02 4.106363951599657200e-05 9.272385386819484765e+00
2.462934247987881804e+02 0.000000000000000000e+00 8.492347334513532076e+00
2.463701693190735966e+02 0.000000000000000000e+00 9.458010147281587621e+00
2.462910339824430253e+02 1.996149143138722026e-04 9.310956691548190278e+00
2.462300328052853331e+02 0.000000000000000000e+00 9.148478135893270746e+00
2.461368639698501681e+02 0.000000000000000000e+00 9.442887321373168774e+00
2.460453661964119476e+02 3.479002792327486851e-04 9.356776869308124134e+00
2.459974643202598941e+02 1.437227383059879783e-04 9.326883680397131116e+00
2.459800955414012833e+02 0.000000000000000000e+00 9.404491677769058811e+00
2.459642164601317802e+02 0.000000000000000000e+00 9.066535643239099329e+00
2.459373927782745852e+02 0.000000000000000000e+00 8.885507729089482609e+00
2.458634360228496405e+02 1.528479915317650139e-04 9.005804801708247709e+00
2.458247130107860414e+02 1.562699614914313988e-04 9.359444865220009291e+00
2.457950764696220460e+02 4.790757943532932835e-05 8.957119294435420542e+00
2.457725188436479016e+02 0.000000000000000000e+00 8.866973199131276573e+00
2.457746758253791484e+02 2.190060774186483659e-04 9.367640483273410368e+00
2.457270807858668036e+02 2.258500173379811358e-04 8.871308835070173870e+00
2.457069698684138359e+02 1.551293048382092524e-04 9.263800804847335257e+00
2.456980544960122756e+02 9.125253225777015247e-06 9.762286012811856040e+00
2.456537502509444550e+02 9.125253225777015247e-06 9.262320232511452645e+00
2.455956178252696418e+02 1.425820816527658590e-04 9.614269842863139459e+00
2.455277293632398425e+02 1.140656653222126906e-06 9.275436643366854028e+00
2.455212105104666591e+02 0.000000000000000000e+00 8.991588797839140668e+00
2.454254386965488379e+02 0.000000000000000000e+00 9.088536628766448189e+00
2.453755748909532315e+02 0.000000000000000000e+00 8.899110059679156137e+00
2.453454980563210768e+02 0.000000000000000000e+00 8.788575867355319815e+00
2.452940761137371624e+02 0.000000000000000000e+00 8.911943587684557855e+00
2.453211553026846445e+02 0.000000000000000000e+00 9.114397596408300828e+00
2.453526556768200351e+02 0.000000000000000000e+00 9.376161188472980967e+00
2.454332784297264141e+02 0.000000000000000000e+00 9.193304801708247709e+00
2.454808620626722302e+02 7.072071249977186986e-05 8.988661872866972047e+00
2.454759355665869691e+02 0.000000000000000000e+00 9.186092429689923122e+00
2.454080813242567558e+02 2.281313306444253812e-06 8.584657255488838956e+00
2.454166328271859641e+02 0.000000000000000000e+00 8.852652254850072566e+00
2.454133979249174047e+02 2.452411804427572992e-04 9.559899302830652701e+00
2.453563514043764826e+02 0.000000000000000000e+00 9.312838775026007099e+00
2.453453794280291334e+02 2.007555709670943490e-04 8.704080585111237056e+00
2.451768941744383312e+02 0.000000000000000000e+00 8.531000766521270151e+00
2.450841736170678757e+02 0.000000000000000000e+00 8.822497855565492486e+00
2.450485725822641712e+02 0.000000000000000000e+00 8.579394265690872601e+00
2.449009864398737193e+02 6.958005584654973702e-05 8.743407004544376804e+00
2.447288670541857414e+02 2.851641633055317180e-05 8.673656990856496662e+00
2.446509522201741049e+02 0.000000000000000000e+00 8.509813069187670109e+00
2.445141817841695229e+02 6.273611592721698067e-05 8.444643932619129600e+00
2.444341852517657401e+02 0.000000000000000000e+00 8.591789781541438131e+00
2.444212969722409809e+02 4.334495282244082412e-05 8.513089035095724455e+00
2.443838514956290169e+02 0.000000000000000000e+00 8.741959511251437220e+00
2.443848655393937293e+02 0.000000000000000000e+00 8.815795357071158023e+00
2.444178715803113562e+02 3.079772963699742392e-05 8.618089901994780533e+00
2.445236857354041433e+02 0.000000000000000000e+00 8.952884036282007685e+00
2.446657009107002807e+02 0.000000000000000000e+00 9.190099556512693724e+00
2.448195173197306360e+02 2.623510302410891968e-05 8.746807302027631792e+00
2.450334634442355650e+02 6.387677258043911351e-05 9.356379920792802452e+00
2.450629813571076738e+02 0.000000000000000000e+00 9.490894137937328168e+00
2.450466676856532899e+02 1.083623820561020501e-04 8.849346631869034141e+00
2.449348525359078792e+02 3.650101290310806099e-04 8.309650639680251416e+00
2.449138005767159996e+02 1.163469786286569393e-04 8.873148714251820834e+00
2.447557181118025937e+02 0.000000000000000000e+00 8.667496304272443552e+00
2.442104431679229037e+02 5.018889274177358725e-05 8.593505329147884453e+00
2.441799511342689755e+02 1.334568284269888505e-04 8.790010813425071845e+00
2.441775260982242344e+02 0.000000000000000000e+00 8.316713585677002030e+00
2.441904371908820508e+02 0.000000000000000000e+00 8.510708484660449713e+00
2.442179817677440496e+02 1.083623820561020501e-04 8.795499653240376858e+00
2.442329871060171911e+02 0.000000000000000000e+00 8.463071240851933297e+00
2.442398743908893550e+02 4.676692278210720229e-05 8.791364772872446665e+00
2.442611316682788072e+02 2.406785538298687678e-04 8.763062799992699325e+00
2.442672695417297746e+02 0.000000000000000000e+00 8.138160896464876615e+00
2.442676071760991476e+02 1.482853649188765062e-05 8.559072326757068083e+00
2.442884572390633764e+02 1.539886481849871331e-04 8.424076752504882748e+00
2.442839048783603744e+02 3.079772963699742392e-05 8.379807867793331866e+00
2.442438050937163609e+02 1.266128885076560806e-04 8.461451508404358890e+00
2.442133906247148332e+02 1.403007683463216204e-04 8.418652930118810218e+00
2.441616287664482741e+02 4.562626612888507624e-06 8.599133329074881260e+00
2.441182860949391227e+02 0.000000000000000000e+00 8.510216861642911468e+00
2.440141532677531870e+02 7.186136915299398914e-05 8.331712080010220234e+00
2.439668798934170297e+02 6.273611592721698067e-05 8.811928531016736343e+00
2.438872164327560199e+02 0.000000000000000000e+00 8.587828280984798113e+00
2.437388101582318995e+02 0.000000000000000000e+00 8.161837506615809090e+00
2.435491839742302886e+02 0.000000000000000000e+00 8.306905079115946222e+00
2.434977848447794315e+02 7.528333911266037409e-05 8.146016598835617017e+00
2.433797850546602604e+02 2.509444637088679362e-05 7.833293030131586399e+00
2.432775947657547420e+02 0.000000000000000000e+00 8.027332414724508425e+00
2.432374584800978141e+02 1.231909185479896957e-04 7.728863632215793977e+00
2.431787272096800621e+02 0.000000000000000000e+00 8.097140601901703150e+00
2.431765052105195934e+02 3.650101290310806099e-05 8.519424242147719539e+00
2.431695529082182077e+02 1.482853649188765062e-05 8.405429297538006495e+00
2.431345541401273920e+02 3.650101290310806099e-05 8.939358129688098842e+00
2.431180340098187855e+02 0.000000000000000000e+00 8.484352472031098102e+00
2.431074658259266812e+02 1.710984979833190444e-05 8.123292436990126930e+00
2.430290878853138281e+02 3.068366397167521199e-04 8.878449345719344521e+00
2.430262659007537422e+02 0.000000000000000000e+00 8.355645337908127246e+00
2.430061333108243673e+02 0.000000000000000000e+00 8.228178097567207416e+00
2.429885649170514341e+02 4.334495282244082412e-05 8.297755872100450958e+00
2.429789913857609633e+02 0.000000000000000000e+00 8.703942565656197061e+00
2.429641822404321658e+02 2.281313306444253812e-05 8.572189878269121266e+00
2.429623959721132280e+02 0.000000000000000000e+00 8.098187724709360324e+00
2.429490183508842449e+02 0.000000000000000000e+00 8.485699587538555022e+00
2.429759081908272833e+02 0.000000000000000000e+00 8.701153660139068435e+00
2.429846935283703999e+02 2.543664336685343076e-04 8.334960670158597651e+00
2.430109446005876634e+02 0.000000000000000000e+00 7.897053455733396454e+00
2.430146266402642539e+02 1.140656653222126906e-05 8.195065975580822837e+00
2.430365261073494878e+02 0.000000000000000000e+00 8.156657784753527096e+00
2.430725754202179019e+02 0.000000000000000000e+00 8.514865037504790735e+00
2.431261155622068486e+02 4.562626612888507624e-05 8.776967404595477973e+00
2.431561228167831530e+02 1.152063219754348200e-04 8.278828956253535765e+00
2.431627431879984726e+02 1.254722318544339681e-05 8.167586416148047590e+00
2.431995236617816261e+02 5.475151935466209148e-05 8.390374911028780858e+00
2.432274412333692339e+02 0.000000000000000000e+00 7.712970863066449745e+00
2.432606902341539978e+02 0.000000000000000000e+00 7.808257897906666578e+00
2.432941513970762628e+02 3.650101290310806099e-05 8.023212362893071159e+00
2.432846348986184353e+02 0.000000000000000000e+00 8.334260306973519050e+00
2.432417838501268363e+02 4.106363951599657200e-05 7.941658834157648172e+00
2.432286172503787043e+02 1.448633949592101247e-04 7.632893344040296846e+00
2.431753075210337158e+02 1.859270344752066899e-04 8.324482598142099121e+00
2.431667252203748717e+02 7.186136915299398914e-05 7.907361569908564647e+00
2.431257916157173327e+02 2.007555709670943490e-04 8.163549632252294685e+00
2.431346260014965424e+02 1.779424379026518007e-04 8.184974586169765587e+00
2.431578520522694475e+02 0.000000000000000000e+00 7.975861423904513359e+00
2.433053572080375204e+02 7.072071249977186986e-05 8.006807438906429653e+00
2.432940738324238623e+02 2.281313306444253812e-05 8.013624003066084356e+00
2.432942072892522845e+02 9.125253225777015247e-05 7.816897231398171719e+00
2.433179683079955566e+02 0.000000000000000000e+00 8.404822468198492658e+00
2.433487033015166219e+02 2.623510302410891697e-04 7.799515905316372510e+00
2.433551023853411834e+02 0.000000000000000000e+00 8.149508148851131395e+00
2.433929938587045854e+02 0.000000000000000000e+00 8.686590896647382820e+00
2.434752032650156082e+02 0.000000000000000000e+00 8.707438678298322188e+00
2.435514150986439859e+02 0.000000000000000000e+00 8.465903491321883578e+00
2.436078593524720191e+02 4.562626612888507624e-06 8.164838574270435245e+00
2.436743767452046825e+02 2.486631504024236841e-04 8.452678718084426279e+00
2.437601347343638736e+02 0.000000000000000000e+00 8.387116054970524814e+00
2.439001229627872078e+02 4.448560947566295018e-05 8.446410809774970829e+00
2.439723824211121723e+02 0.000000000000000000e+00 8.512868888361651898e+00
2.440381127607541032e+02 1.026590987899914266e-04 8.749585941634880015e+00
2.441178845837972062e+02 1.254722318544339681e-05 8.947316491157629059e+00
2.441755265271111170e+02 3.421969959666380718e-06 8.986093114083915978e+00
2.442490783494241953e+02 1.026590987899914300e-05 9.430768985089336809e+00
2.443005402149909742e+02 0.000000000000000000e+00 9.096492708922673032e+00
2.443249913310094428e+02 0.000000000000000000e+00 9.204710227583815296e+00
2.444240322668954093e+02 1.939116310477615791e-04 9.097867200189805104e+00
2.444352665942730027e+02 4.334495282244082412e-05 9.034117040497873674e+00
2.444445253043271862e+02 5.589217600788421754e-05 8.566923466501195961e+00
2.444785191539065181e+02 9.695581552388078954e-05 8.803921121311116593e+00
2.445112297647509649e+02 0.000000000000000000e+00 9.259824475754202311e+00
2.445129669848338381e+02 1.939116310477615791e-04 9.137214151442702104e+00
2.445348938276787294e+02 0.000000000000000000e+00 8.806892531892760445e+00
2.445623266201887134e+02 1.825050645155403049e-05 8.858546027777270737e+00
2.446093615972843338e+02 2.851641633055317180e-05 9.234831547825452347e+00
2.446012446845400063e+02 2.178654207654262466e-04 9.122455195006661910e+00
2.446210384994433582e+02 1.482853649188765062e-05 8.458572491011626227e+00
2.446500282882850001e+02 0.000000000000000000e+00 8.517474859927363084e+00
2.446765542587556865e+02 0.000000000000000000e+00 8.942176692278211547e+00
2.447387086397897633e+02 1.608325881043199030e-04 8.337353767817056394e+00
2.447647361433029687e+02 0.000000000000000000e+00 8.936829293887905479e+00
2.447896720383990612e+02 1.882083477816509285e-04 8.741998293577646351e+00
2.447974627233405727e+02 0.000000000000000000e+00 8.606044567736754303e+00
2.448524355300859554e+02 0.000000000000000000e+00 9.419303104411147487e+00
2.448659032631905461e+02 7.984596572554889188e-06 8.617173954702243677e+00
2.448822694048509732e+02 3.421969959666380718e-06 8.945707024619933279e+00
2.448331664172430919e+02 0.000000000000000000e+00 8.702114093041082299e+00
2.448233624733086344e+02 0.000000000000000000e+00 8.343819009727519997e+00
2.449225938988556948e+02 9.125253225777015247e-05 8.984572618765170660e+00
2.449263455185881355e+02 6.843939919332761774e-05 8.835719206832989059e+00
2.449134469731534978e+02 1.220502618947675764e-04 8.780673398061797030e+00
2.448998583304436636e+02 7.984596572554889188e-06 9.060377237968353370e+00
2.449206718923950064e+02 1.334568284269888505e-04 8.874535752742138683e+00
2.449200547971456103e+02 5.132954939499571331e-05 8.488753125399229660e+00
2.449173560035040964e+02 6.045480262077272855e-05 8.714948761703137592e+00
2.449246539247714054e+02 1.733798112897632965e-04 8.906449044585986741e+00
2.449209045863522647e+02 7.414268245943825481e-05 9.013246445713868127e+00
2.448594688190097202e+02 1.790830945558739200e-04 8.846736809446461791e+00
2.448491196411950455e+02 0.000000000000000000e+00 8.713191009800521414e+00
2.448462166700125806e+02 0.000000000000000000e+00 9.041318005949664283e+00
2.448730745715693615e+02 4.220429616921869806e-05 9.415475060682933162e+00
2.448743863267205541e+02 6.045480262077272855e-05 8.972115507455331596e+00
2.448607965433540699e+02 0.000000000000000000e+00 9.175012090960523281e+00
2.448738582026901156e+02 8.897121895132590035e-05 8.411850053838994867e+00
2.448952227018049825e+02 4.334495282244082412e-05 8.757414268245943489e+00
2.448963029036555668e+02 4.334495282244082412e-05 9.039810057854104741e+00
2.446921401912653096e+02 2.053181975799828600e-05 8.845406803788804950e+00
2.446811043381453885e+02 4.562626612888507624e-06 8.790771631412772180e+00
2.446924401839651182e+02 1.482853649188765062e-05 8.486566486595002345e+00
2.446947021061084513e+02 3.193838629021955675e-05 8.791996696658332056e+00
2.446609033088168133e+02 1.254722318544339613e-04 8.677058428996405226e+00
2.446400771996422918e+02 1.745204679429854158e-04 8.150534739839031317e+00
2.445855503896483185e+02 1.676765280236526458e-04 8.511526335480809280e+00
2.445236275619148500e+02 1.676765280236526458e-04 8.464438888179147469e+00
2.445014281021298359e+02 1.254722318544339681e-05 8.172672604164764820e+00
2.444936328545617243e+02 1.368787983866552287e-05 8.338030177212417016e+00
2.444948237001076734e+02 0.000000000000000000e+00 8.420524747686748412e+00
2.445097298012519786e+02 6.843939919332761435e-06 8.799685863157701959e+00
2.445173414030989250e+02 1.562699614914313988e-04 8.191031472998375307e+00
2.445289099428759130e+02 0.000000000000000000e+00 8.112967212965159547e+00
2.445622741499826702e+02 6.843939919332761774e-05 8.508965561294326463e+00
2.445848078221670789e+02 3.878232620955231311e-05 8.270730294015658401e+00
2.445947406603033301e+02 2.509444637088679362e-05 8.228527138503093141e+00
2.446181583413939791e+02 6.615808588688336562e-05 7.975661808990199830e+00
2.446393677112039882e+02 1.859270344752066899e-04 9.052727994451846172e+00
2.446297303031409172e+02 4.562626612888507624e-06 8.575253682039676306e+00
2.446440193090358264e+02 0.000000000000000000e+00 8.824178042815688627e+00
2.446663841640355486e+02 1.140656653222126906e-06 8.449254466811453312e+00
2.446702738032230400e+02 3.319310860876389067e-04 8.695797136495537316e+00
2.446541049951636069e+02 5.589217600788421754e-05 8.927935593962732952e+00
2.446481256729874190e+02 0.000000000000000000e+00 8.520236389684813005e+00
2.446679308944573279e+02 4.562626612888507624e-06 8.944583477816509642e+00
2.446763900041976285e+02 2.281313306444253812e-06 8.806277717956673357e+00
2.446771211651123394e+02 6.958005584654973702e-05 8.582574416440056808e+00
2.447087253390031663e+02 4.790757943532932835e-05 7.627597275199386573e+00
2.447142016315952731e+02 2.395378971766466418e-05 8.263868103589874892e+00
2.447128317029547588e+02 0.000000000000000000e+00 8.315125791615717077e+00
2.447156468435749161e+02 8.212727903199314400e-05 8.263473436387860360e+00
2.447407971821218098e+02 0.000000000000000000e+00 8.735860420126657644e+00
2.447683588688336158e+02 0.000000000000000000e+00 9.157377539101709374e+00
2.447826684065482823e+02 0.000000000000000000e+00 8.496482214881462269e+00
2.448308930885332018e+02 0.000000000000000000e+00 8.708667165513842789e+00
2.448795010311536089e+02 0.000000000000000000e+00 8.578282125453981166e+00
2.448991499826620100e+02 0.000000000000000000e+00 8.991909322358695889e+00
2.449759310039603690e+02 1.745204679429854158e-04 9.012840371945321394e+00
2.449904036555764435e+02 1.334568284269888505e-04 9.305807767415545939e+00
2.449874653240377427e+02 1.596919314510977838e-05 8.776681099775519357e+00
2.449908770280875387e+02 1.368787983866552287e-05 8.484920519044402809e+00
2.450050074827076401e+02 0.000000000000000000e+00 8.273270536382383966e+00
2.450212196357198877e+02 0.000000000000000000e+00 8.694362190425783510e+00
2.450142821619549807e+02 2.167247641122041206e-05 8.414748462394831208e+00
2.450066625755114842e+02 2.714762834668662324e-04 8.246874600770171426e+00
2.450019345536838671e+02 0.000000000000000000e+00 8.707621183362839190e+00
2.449906762725165663e+02 0.000000000000000000e+00 7.959399467085211732e+00
2.450057888325150941e+02 3.421969959666380887e-05 8.513560126293505448e+00
2.450020098370229675e+02 0.000000000000000000e+00 8.450682568941287442e+00
2.450087739309765880e+02 7.984596572554889188e-06 8.661115470954319662e+00
2.450222291168580000e+02 1.380194550398773548e-04 8.587270499881372032e+00
2.450286293413392116e+02 1.756611245962075350e-04 8.635570465205409718e+00
2.450579852809665340e+02 2.965707298377530125e-05 8.159535661489606184e+00
2.450707252751263923e+02 0.000000000000000000e+00 8.450274213859435335e+00
2.450706921960834279e+02 2.178654207654262466e-04 8.410571377730731157e+00
2.450931311937656290e+02 5.817348931432846966e-05 8.181390642965341797e+00
2.450861469530779573e+02 1.129250086689905679e-04 8.372574963955250027e+00
2.451121459401748268e+02 1.243315752012118421e-04 8.987320460642783004e+00
2.451281721661526092e+02 1.197689485883233243e-04 8.656074909203731238e+00
2.454289062927746272e+02 2.247093606847589894e-04 8.407302255762598264e+00
2.454036122314894328e+02 4.904823608855145441e-05 8.867836676217764946e+00
2.454463663241654956e+02 7.072071249977186986e-05 8.791834723413574082e+00
2.454460720347489655e+02 7.984596572554889188e-06 8.748823982990527881e+00
2.454597051630682643e+02 0.000000000000000000e+00 8.784288138995856698e+00
2.454697303943934514e+02 0.000000000000000000e+00 8.563747878378624279e+00
2.454790484185936066e+02 1.140656653222126906e-06 8.647632909313234251e+00
2.454752842516379872e+02 0.000000000000000000e+00 8.835501341412223653e+00
2.454874995437373286e+02 0.000000000000000000e+00 8.769992289161024246e+00
2.455179699049148496e+02 9.353384556421440459e-05 8.699449519099154315e+00
2.455159498019820035e+02 0.000000000000000000e+00 8.681981503111710907e+00
2.455361531126238788e+02 0.000000000000000000e+00 8.990164117679265487e+00
2.455258187633456828e+02 0.000000000000000000e+00 8.772569032540653566e+00
2.455336584965232873e+02 0.000000000000000000e+00 8.957625745989451715e+00
2.455293502363440723e+02 0.000000000000000000e+00 8.983163907798441983e+00
2.455247317175551700e+02 0.000000000000000000e+00 9.222482798897669198e+00
2.455159954282481465e+02 9.467450221743653742e-05 9.277808068548901943e+00
2.455148353804318049e+02 0.000000000000000000e+00 8.980015695435549006e+00
2.454858809519464273e+02 0.000000000000000000e+00 8.727829056631321691e+00
2.455136103151862415e+02 0.000000000000000000e+00 9.374188993119558333e+00
2.455102499406858669e+02 1.596919314510977838e-05 8.950809181829795236e+00
2.454990144726516235e+02 9.011187560454801963e-05 8.760504307119521883e+00
2.455020155403062461e+02 1.334568284269888505e-04 9.100167904659354434e+00
2.454825502345190102e+02 0.000000000000000000e+00 9.303239008632489870e+00
2.454863201047579082e+02 0.000000000000000000e+00 8.818810112605625307e+00
2.454525406986293774e+02 1.825050645155403049e-05 9.054864444363330378e+00
2.454333103681127284e+02 0.000000000000000000e+00 8.684675734126621194e+00
2.453907969539904741e+02 0.000000000000000000e+00 8.511821765553994723e+00
2.453825956326538176e+02 1.003777854835471745e-04 9.131672841421348608e+00
2.453783888909167104e+02 3.764166955633018705e-05 8.846757341266220820e+00
2.454458689978646930e+02 1.106436953625463158e-04 8.466875330790429643e+00
2.454254580877119452e+02 1.939116310477615655e-05 8.076692050079389062e+00
2.454154203091635793e+02 1.345974850802109698e-04 9.284340609201905181e+00
2.454018259631704666e+02 0.000000000000000000e+00 8.638385605825561697e+00
2.453921953990473241e+02 9.125253225777015247e-06 8.887564333035241404e+00
2.454031160458452803e+02 0.000000000000000000e+00 8.671358567700254483e+00
2.454168906155895797e+02 1.266128885076560806e-04 8.738887722884310705e+00
2.454622419834650486e+02 0.000000000000000000e+00 9.188024702060483051e+00
2.454682509627142224e+02 0.000000000000000000e+00 9.320367108937272604e+00
2.454689296534228902e+02 9.239318891099228531e-05 9.040621064734546408e+00
2.454727576971511098e+02 3.421969959666380718e-06 9.440075602722975745e+00
2.454664521471720775e+02 3.421969959666380718e-06 9.077892020878579160e+00
2.454737181300531006e+02 0.000000000000000000e+00 9.521729509243881395e+00
2.454892207946270446e+02 2.269906739912032551e-04 8.949940001460040762e+00
2.455083016991221427e+02 1.825050645155403049e-05 9.099434462431332804e+00
2.455071245414560224e+02 1.825050645155403049e-05 8.893121612249739627e+00
2.455034607522858892e+02 0.000000000000000000e+00 8.861621238114357979e+00
2.454990669428576666e+02 0.000000000000000000e+00 8.488838674648221172e+00
2.454984384410417420e+02 2.281313306444253812e-06 8.939412881207452699e+00
2.454783161170222456e+02 0.000000000000000000e+00 8.757008194477396756e+00
2.454622944536710918e+02 0.000000000000000000e+00 8.829057771978172653e+00
2.454571067472122365e+02 1.916303177413173134e-04 8.768428448889457272e+00
2.454428428357636847e+02 2.133027941525377424e-04 8.700593597722336980e+00
2.454304245067800707e+02 1.710984979833190444e-05 8.980309984852079097e+00
2.454186164291058958e+02 9.125253225777015247e-06 8.933270445129851467e+00
2.454179115032942207e+02 0.000000000000000000e+00 8.981992453415582389e+00
2.453869073148029827e+02 1.825050645155403049e-05 8.643323508477360306e+00
2.453640998850218011e+02 0.000000000000000000e+00 8.762128602193710591e+00
2.453618368222218180e+02 0.000000000000000000e+00 8.504401794024783356e+00
2.453487409431861863e+02 2.155841074589819810e-04 8.730935064698044812e+00
2.450296639169236812e+02 5.817348931432846966e-05 8.897680816892668432e+00
2.450267586644279447e+02 5.817348931432846966e-05 8.639322084937857582e+00
2.450257925282426470e+02 0.000000000000000000e+00 8.692805194094136212e+00
2.450557724070592940e+02 2.064588542332049725e-04 8.750503029584070447e+00
2.450523287646232120e+02 0.000000000000000000e+00 8.094985901483765289e+00
2.450256453835343962e+02 9.125253225777015247e-06 8.462007008194477820e+00
2.450345869910389922e+02 0.000000000000000000e+00 8.643158113262643383e+00
2.451208400251856858e+02 0.000000000000000000e+00 8.395090385633201535e+00
2.451268604110014167e+02 5.247020604821783936e-05 9.004977825634661315e+00
2.451175959976639263e+02 0.000000000000000000e+00 8.652529748325516579e+00
2.451365902122533953e+02 0.000000000000000000e+00 8.644086607778366016e+00
2.451400099008997415e+02 1.380194550398773548e-04 8.893196895588852513e+00
2.451347640209515930e+02 2.612103735878670775e-04 8.833643211724124811e+00
2.451294531235741658e+02 0.000000000000000000e+00 8.110014052889967573e+00
2.451533681309656458e+02 0.000000000000000000e+00 8.236056613071012222e+00
2.451709068676655647e+02 0.000000000000000000e+00 8.309095139890132486e+00
2.452435381800594882e+02 5.817348931432846966e-05 8.127534539083459464e+00
2.452662840143813980e+02 0.000000000000000000e+00 8.458330671801142842e+00
2.452723477451499150e+02 4.220429616921869806e-05 9.011632416549559821e+00
2.452900769715109561e+02 0.000000000000000000e+00 8.345680561385577789e+00
2.454002712481521371e+02 2.281313306444253812e-05 8.654021727227931393e+00
2.454623571897870136e+02 2.612103735878670775e-04 8.159528817549686508e+00
2.455163193747376624e+02 1.710984979833190444e-05 8.757636696293321421e+00
2.455331668735057349e+02 0.000000000000000000e+00 8.482981402733924980e+00
2.455611038362564500e+02 7.984596572554887833e-05 7.987496121767379442e+00
2.455692629532969420e+02 0.000000000000000000e+00 8.486819712372017932e+00
2.455822287974741300e+02 3.421969959666380718e-06 8.143801443615060975e+00
2.455670945649991666e+02 0.000000000000000000e+00 8.491616173598817596e+00
2.455562047159308747e+02 0.000000000000000000e+00 8.634202817878195546e+00
2.455442802912780849e+02 6.958005584654973702e-05 8.557483392039129555e+00
2.455336801689996946e+02 4.790757943532932835e-05 8.344081360757760635e+00
2.455195052287701003e+02 6.958005584654973702e-05 8.403159390798094819e+00
2.454789834011643848e+02 0.000000000000000000e+00 8.285101427189603740e+00
2.454725991458763019e+02 1.140656653222126906e-05 8.288872438085157057e+00
2.454545083313562088e+02 9.125253225777015247e-05 8.322496714908838911e+00
2.454235896921139499e+02 2.018962276203164683e-04 8.277413401346887412e+00
2.454241143941744383e+02 0.000000000000000000e+00 7.650234747139233349e+00
2.453866130253864526e+02 1.254722318544339681e-05 7.769186985563849568e+00
2.454004628784698809e+02 0.000000000000000000e+00 8.048237229208110577e+00
2.454259497107294692e+02 2.053181975799828600e-05 7.860948250688956307e+00
2.454439583979705333e+02 0.000000000000000000e+00 8.072752221999159872e+00
2.454502103370868440e+02 0.000000000000000000e+00 7.954755853849944103e+00
2.454611024674684643e+02 1.939116310477615655e-05 8.103325242275472462e+00
2.454872406146770629e+02 1.482853649188765062e-05 8.016890843720913651e+00
2.455198622543025522e+02 0.000000000000000000e+00 8.132705135692514631e+00
2.455348288102494791e+02 4.562626612888507624e-06 8.222829558520249549e+00
2.455403290566313217e+02 0.000000000000000000e+00 7.933142691584691875e+00
2.455483182158304771e+02 0.000000000000000000e+00 8.528849488073294793e+00
2.455555397131020356e+02 0.000000000000000000e+00 8.784525395579727558e+00
2.455605357892431471e+02 0.000000000000000000e+00 8.393350884237037235e+00
2.455573476538974091e+02 1.095030387093241830e-04 7.989381627215155213e+00
2.455623494333217707e+02 5.018889274177358725e-05 8.173418593615972227e+00
2.455660063785520038e+02 1.676765280236526458e-04 8.062668817184677650e+00
2.455657143704487737e+02 2.087401675396492382e-04 7.789359498476082777e+00
2.455672223185443386e+02 1.973336010074279640e-04 8.376383616520358899e+00
2.455841679137845972e+02 0.000000000000000000e+00 8.496997791688718493e+00
2.455918490956873939e+02 1.163469786286569393e-04 8.615039786104064845e+00
2.456225042432427585e+02 3.307904294344168281e-05 8.957517383607395800e+00
2.456368525632836395e+02 2.851641633055317180e-05 8.428430638950230147e+00
2.456409669118318106e+02 6.615808588688336562e-05 8.364247029730075056e+00
2.457201889383680395e+02 4.106363951599657200e-05 8.722840965086781750e+00
2.457153080685488931e+02 1.345974850802109698e-04 8.477889511433941649e+00
2.457482593579471768e+02 0.000000000000000000e+00 8.457985052835216067e+00
2.457489791122953591e+02 1.140656653222126906e-06 8.460983839176536847e+00
2.457549641377548255e+02 0.000000000000000000e+00 8.574942282773346136e+00
2.457590032029638962e+02 0.000000000000000000e+00 8.559928959903636780e+00
2.457640209515814149e+02 0.000000000000000000e+00 8.624413702480243415e+00
2.457668417954848223e+02 0.000000000000000000e+00 9.093122068512400347e+00
2.457781901885277307e+02 0.000000000000000000e+00 8.873692807475407562e+00
2.457850637855200375e+02 0.000000000000000000e+00 8.426222327669592005e+00
2.457982281039548980e+02 0.000000000000000000e+00 8.779669620206961511e+00
2.458067989980471850e+02 0.000000000000000000e+00 8.238811298888544243e+00
2.458103692533717890e+02 1.836457211687624242e-04 7.931240076287116914e+00
2.458280733852864444e+02 0.000000000000000000e+00 9.099932929388790726e+00
2.458341165842352041e+02 0.000000000000000000e+00 8.515909878999142535e+00
2.458450554815396174e+02 0.000000000000000000e+00 8.369577318270582822e+00
2.458500926213202433e+02 0.000000000000000000e+00 8.804379665285711809e+00
2.458690275217637407e+02 0.000000000000000000e+00 8.609894283941379456e+00
2.458678880057671563e+02 0.000000000000000000e+00 8.301718513313744552e+00
2.458757015038417251e+02 0.000000000000000000e+00 8.309279926267953087e+00
2.458752326939572583e+02 1.254722318544339613e-04 8.048458516598834933e+00
2.458660834869417613e+02 1.802237512090960393e-04 8.211254174803350736e+00
2.458954131914660763e+02 2.281313306444253812e-05 9.447011935831218565e+00
2.458553008595988558e+02 2.281313306444253812e-06 8.878764166955633641e+00
2.458542948004307220e+02 1.939116310477615655e-05 8.438965743799389685e+00
2.458476698665888023e+02 3.421969959666380718e-06 8.648990290730568020e+00
2.458397320369390116e+02 1.140656653222126906e-06 8.629027658642527854e+00
2.458326360118993250e+02 3.878232620955231311e-05 8.062966528571168467e+00
2.458587855656744523e+02 9.125253225777015247e-06 8.633405498877593232e+00
2.458624254010548782e+02 3.307904294344168281e-05 8.837426769842863905e+00
2.458562681364407752e+02 1.939116310477615655e-05 8.773933257897907012e+00
2.458291319146606213e+02 1.494260215720986289e-04 8.164721086635154279e+00
2.458188409103352683e+02 0.000000000000000000e+00 8.757759887211870264e+00
2.458158147482342599e+02 0.000000000000000000e+00 9.046170359352471380e+00
2.458069187669957785e+02 0.000000000000000000e+00 8.508272042049167538e+00
2.457930609293158000e+02 0.000000000000000000e+00 8.241213521800229813e+00
2.457673881700217180e+02 0.000000000000000000e+00 8.307939654700417620e+00
2.457703995035862192e+02 6.045480262077272855e-05 8.555824877265344242e+00
2.457669627050900658e+02 0.000000000000000000e+00 8.742747704998814484e+00
2.457626886646104367e+02 0.000000000000000000e+00 9.017577519026152899e+00
2.457466521727228042e+02 1.288942018141003463e-04 8.352854151077693245e+00
2.456769455039877244e+02 0.000000000000000000e+00 8.227696740459547797e+00
2.456563589327103898e+02 0.000000000000000000e+00 8.108695453798842934e+00
2.456457337159856138e+02 2.190060774186483659e-04 8.275751464603143148e+00
2.456052803277790986e+02 0.000000000000000000e+00 8.385011543445330062e+00
2.455715077655904963e+02 0.000000000000000000e+00 8.241307055645794577e+00
2.455692321555673061e+02 8.554924899165951540e-05 8.377739857281039093e+00
2.455454517456609551e+02 0.000000000000000000e+00 8.193978929790301180e+00
2.455187227383059962e+02 3.878232620955231582e-04 8.054385368568977910e+00
2.454777560546055213e+02 0.000000000000000000e+00 8.065323125216725231e+00
2.454894409413611243e+02 0.000000000000000000e+00 8.535204086288395331e+00
2.454456340225941346e+02 0.000000000000000000e+00 8.330931870859416222e+00
2.454532011388316164e+02 0.000000000000000000e+00 8.215387914514627354e+00
2.454033612870257173e+02 6.729874254010548491e-05 8.292448396693007595e+00
2.453803416951070346e+02 0.000000000000000000e+00 8.470209470187798573e+00
2.453721586242768353e+02 0.000000000000000000e+00 8.581174830726553182e+00
2.453487078641432220e+02 0.000000000000000000e+00 8.233101171682514874e+00
2.453516427737119727e+02 0.000000000000000000e+00 8.297340673078677398e+00
2.453756604402022106e+02 0.000000000000000000e+00 8.069861798039895007e+00
2.454002929206285444e+02 0.000000000000000000e+00 8.021732931213840345e+00
2.456636443067545201e+02 1.037997554432135459e-04 8.231312622050261041e+00
2.456599497198547226e+02 1.539886481849871331e-04 8.577829284762652051e+00
2.456817316993046632e+02 1.003777854835471745e-04 8.571168990564487444e+00
2.457413583851951842e+02 0.000000000000000000e+00 7.967753636413410057e+00
2.457856945686492907e+02 1.140656653222126906e-05 8.451502701074954160e+00
2.458063632672056542e+02 0.000000000000000000e+00 8.550973664519190720e+00
2.458283505648531673e+02 0.000000000000000000e+00 8.573878050115890659e+00
2.458521423813260753e+02 0.000000000000000000e+00 8.516682103553373295e+00
2.458840488292300108e+02 0.000000000000000000e+00 9.292819110105305924e+00
2.458825363185078459e+02 0.000000000000000000e+00 8.987077500775646044e+00
2.458906144489259589e+02 0.000000000000000000e+00 8.489548163086524823e+00
2.459852387622506456e+02 2.965707298377530125e-05 8.550679375102658852e+00
2.460336870129396232e+02 0.000000000000000000e+00 8.760762095523149995e+00
2.460559309583341019e+02 3.193838629021955675e-05 8.613312831931086322e+00
2.460622547588195630e+02 0.000000000000000000e+00 8.550228815724636888e+00
2.460589559797784318e+02 0.000000000000000000e+00 8.739983893928055636e+00
2.460568811253262140e+02 0.000000000000000000e+00 8.629624222072163064e+00
2.460605027102002111e+02 0.000000000000000000e+00 8.800892677896811733e+00
2.460635117624514123e+02 0.000000000000000000e+00 8.643913227967075841e+00
2.460695503987735719e+02 1.174876352818790722e-04 8.669048737977478325e+00
2.460645029930830674e+02 0.000000000000000000e+00 8.500529264687095576e+00
2.460969797693136059e+02 1.095030387093241830e-04 8.545414103991385346e+00
2.461651887558629710e+02 0.000000000000000000e+00 8.765914441625755060e+00
2.461607413355720553e+02 0.000000000000000000e+00 8.921146405562755177e+00
2.461746151424451909e+02 0.000000000000000000e+00 8.098350838610771874e+00
2.461894664920701530e+02 0.000000000000000000e+00 8.431017648239738094e+00
2.461607504608252839e+02 0.000000000000000000e+00 8.089279196247696646e+00
2.462025806216122419e+02 0.000000000000000000e+00 8.649549212490645900e+00
2.462051790374682980e+02 2.167247641122041206e-05 8.604022183490592113e+00
2.462064052433705115e+02 1.049404120964356787e-04 8.771358795831584843e+00
2.462030654006898658e+02 1.140656653222126906e-05 8.383157976383845522e+00
2.462138731224791570e+02 0.000000000000000000e+00 8.850994880732940828e+00
2.462340045717518535e+02 1.676765280236526458e-04 8.472572910773273236e+00
2.462516151698209512e+02 0.000000000000000000e+00 8.346283968755132676e+00
2.462098625736864221e+02 0.000000000000000000e+00 8.295377602978483367e+00
2.462017262697789874e+02 0.000000000000000000e+00 8.849283895753107032e+00
2.461864289234026160e+02 1.026590987899914300e-05 8.261592493566697115e+00
2.461738942474403586e+02 0.000000000000000000e+00 8.199513395871735000e+00
2.461600318471337516e+02 0.000000000000000000e+00 8.149956426915846208e+00
2.461443421148686923e+02 1.425820816527658590e-04 7.978934352928293450e+00
2.461373099666015776e+02 1.722391546365411772e-04 8.412180844268428714e+00
2.461162671326629265e+02 1.619732447575420223e-04 8.815674447465916330e+00
2.461333781231179216e+02 0.000000000000000000e+00 8.469601500191631160e+00
2.461218734601135054e+02 8.326793568521526328e-05 8.539224900991001732e+00
2.461048046739547033e+02 1.140656653222126906e-05 8.249249447922180067e+00
2.461042275016881717e+02 1.003777854835471745e-04 8.408530742978117090e+00
2.461097699523661788e+02 0.000000000000000000e+00 8.293954063475261762e+00
2.460980063603014969e+02 1.596919314510977567e-04 8.836413866734801559e+00
2.460694614275546144e+02 1.209096052415454571e-04 8.771420391290858376e+00
2.460732917525961341e+02 2.281313306444253744e-04 8.891765371489059433e+00
2.460805349223440999e+02 0.000000000000000000e+00 8.349484651324074136e+00
2.460518302976657594e+02 2.612103735878670775e-04 8.538278155968828997e+00
2.460436027412260671e+02 0.000000000000000000e+00 7.946221460770536815e+00
