2.550000000000000000e+02 0.000000000000000000e+00 6.844463697799341162e+01
2.550000000000000000e+02 0.000000000000000000e+00 1.127268454340668882e+02
2.550000000000000000e+02 0.000000000000000000e+00 1.105963437879050417e+02
2.550000000000000000e+02 0.000000000000000000e+00 1.095392912840062394e+02
2.550000000000000000e+02 0.000000000000000000e+00 1.076814676832438096e+02
2.550000000000000000e+02 0.000000000000000000e+00 1.043889707156472042e+02
2.550000000000000000e+02 0.000000000000000000e+00 1.006071521400103990e+02
2.550000000000000000e+02 0.000000000000000000e+00 1.008572821001559561e+02
2.550000000000000000e+02 0.000000000000000000e+00 1.007857173800034616e+02
2.550000000000000000e+02 0.000000000000000000e+00 1.023559175186276207e+02
2.550000000000000000e+02 0.000000000000000000e+00 1.027342315023392842e+02
2.550000000000000000e+02 0.000000000000000000e+00 1.035778461271876694e+02
2.550000000000000000e+02 0.000000000000000000e+00 1.041486744065153403e+02
2.550000000000000000e+02 0.000000000000000000e+00 1.041387541154046090e+02
2.550000000000000000e+02 0.000000000000000000e+00 1.021132819268757572e+02
2.550000000000000000e+02 0.000000000000000000e+00 1.019364711488476871e+02
2.550000000000000000e+02 0.000000000000000000e+00 1.023865231329059071e+02
2.550000000000000000e+02 0.000000000000000000e+00 1.015607563680471372e+02
2.550000000000000000e+02 0.000000000000000000e+00 1.026636198232542085e+02
2.550000000000000000e+02 0.000000000000000000e+00 1.028685019927222299e+02
2.550000000000000000e+02 0.000000000000000000e+00 1.030413923063593842e+02
2.550000000000000000e+02 0.000000000000000000e+00 1.038739169987870383e+02
2.550000000000000000e+02 0.000000000000000000e+00 1.046812510830012144e+02
2.550000000000000000e+02 0.000000000000000000e+00 1.024650623808698668e+02
2.550000000000000000e+02 0.000000000000000000e+00 1.032988000346560398e+02
2.550000000000000000e+02 0.000000000000000000e+00 1.031123505458326122e+02
2.550000000000000000e+02 0.000000000000000000e+00 1.027884248830358729e+02
2.550000000000000000e+02 0.000000000000000000e+00 1.024697626061341253e+02
2.550000000000000000e+02 0.000000000000000000e+00 1.028782490036388850e+02
2.550000000000000000e+02 0.000000000000000000e+00 1.049364711488476871e+02
2.550000000000000000e+02 0.000000000000000000e+00 1.047668081788251584e+02
2.550000000000000000e+02 0.000000000000000000e+00 1.008856350719112811e+02
2.550000000000000000e+02 0.000000000000000000e+00 9.648511956333391026e+01
2.550000000000000000e+02 0.000000000000000000e+00 9.298676572517760519e+01
2.550000000000000000e+02 0.000000000000000000e+00 9.026399237567146372e+01
2.550000000000000000e+02 0.000000000000000000e+00 9.362588806099462602e+01
2.550000000000000000e+02 0.000000000000000000e+00 9.349714087679778629e+01
2.550000000000000000e+02 0.000000000000000000e+00 9.440231329059088239e+01
2.550000000000000000e+02 0.000000000000000000e+00 9.537840062380870165e+01
2.550000000000000000e+02 0.000000000000000000e+00 9.520284612718766937e+01
2.550000000000000000e+02 0.000000000000000000e+00 9.566255848206550638e+01
2.550000000000000000e+02 0.000000000000000000e+00 9.461133252469242905e+01
2.550000000000000000e+02 0.000000000000000000e+00 9.456996187835730439e+01
2.550000000000000000e+02 0.000000000000000000e+00 9.361546958932594009e+01
2.550000000000000000e+02 0.000000000000000000e+00 9.667583607693640602e+01
2.550000000000000000e+02 0.000000000000000000e+00 9.589371426095996753e+01
2.550000000000000000e+02 0.000000000000000000e+00 9.537584474094610698e+01
2.550000000000000000e+02 0.000000000000000000e+00 9.712422023912667157e+01
2.550000000000000000e+02 0.000000000000000000e+00 9.943709928955119892e+01
2.550000000000000000e+02 0.000000000000000000e+00 9.880204903829492480e+01
2.550000000000000000e+02 0.000000000000000000e+00 9.866377144342401095e+01
2.550000000000000000e+02 0.000000000000000000e+00 9.740434933287124863e+01
2.550000000000000000e+02 0.000000000000000000e+00 9.896289637844394349e+01
2.550000000000000000e+02 0.000000000000000000e+00 9.927217986484144774e+01
2.550000000000000000e+02 0.000000000000000000e+00 9.863268930861202932e+01
2.550000000000000000e+02 0.000000000000000000e+00 9.948340842141743678e+01
2.550000000000000000e+02 0.000000000000000000e+00 9.974291717206723717e+01
2.550000000000000000e+02 0.000000000000000000e+00 1.004128400623808659e+02
2.550000000000000000e+02 0.000000000000000000e+00 1.003412753422283856e+02
2.550000000000000000e+02 0.000000000000000000e+00 1.002442817535955584e+02
2.550000000000000000e+02 0.000000000000000000e+00 9.500810084907294595e+01
2.550000000000000000e+02 0.000000000000000000e+00 9.198680904522612423e+01
2.550000000000000000e+02 0.000000000000000000e+00 9.096226823774043169e+01
2.550000000000000000e+02 0.000000000000000000e+00 8.912783746317795419e+01
2.550000000000000000e+02 0.000000000000000000e+00 8.919489689828452583e+01
2.550000000000000000e+02 0.000000000000000000e+00 9.139369260093570801e+01
2.550000000000000000e+02 0.000000000000000000e+00 9.229760873332178051e+01
2.550000000000000000e+02 0.000000000000000000e+00 9.351825940045053187e+01
2.550000000000000000e+02 0.000000000000000000e+00 9.324452001386241307e+01
2.550000000000000000e+02 0.000000000000000000e+00 9.325742938832091511e+01
2.550000000000000000e+02 0.000000000000000000e+00 9.185758534049557511e+01
2.550000000000000000e+02 0.000000000000000000e+00 9.220797955293710402e+01
2.550000000000000000e+02 0.000000000000000000e+00 9.263821261479813529e+01
2.550000000000000000e+02 0.000000000000000000e+00 9.206584647374805286e+01
2.550000000000000000e+02 0.000000000000000000e+00 9.469740946109860147e+01
2.550000000000000000e+02 0.000000000000000000e+00 9.527285132559347858e+01
2.550000000000000000e+02 0.000000000000000000e+00 9.526514035695720395e+01
2.550000000000000000e+02 0.000000000000000000e+00 9.597240512909374388e+01
2.550000000000000000e+02 0.000000000000000000e+00 9.774527811471148198e+01
2.550000000000000000e+02 0.000000000000000000e+00 9.679888667475307784e+01
2.550000000000000000e+02 0.000000000000000000e+00 9.831372379137064854e+01
2.550000000000000000e+02 0.000000000000000000e+00 9.795683157165136379e+01
2.550000000000000000e+02 0.000000000000000000e+00 9.848217380003465848e+01
2.550000000000000000e+02 0.000000000000000000e+00 9.787166435626407690e+01
2.550000000000000000e+02 0.000000000000000000e+00 9.972942297695372815e+01
2.550000000000000000e+02 0.000000000000000000e+00 9.914791630566625713e+01
2.550000000000000000e+02 0.000000000000000000e+00 9.928599896031883532e+01
2.550000000000000000e+02 0.000000000000000000e+00 1.000997227516894839e+02
2.550000000000000000e+02 0.000000000000000000e+00 9.919914226303933447e+01
2.550000000000000000e+02 0.000000000000000000e+00 9.601537861722404443e+01
2.550000000000000000e+02 0.000000000000000000e+00 9.180137757754287975e+01
2.550000000000000000e+02 0.000000000000000000e+00 8.981658291457286225e+01
2.550000000000000000e+02 0.000000000000000000e+00 8.792672413793103203e+01
2.550000000000000000e+02 0.000000000000000000e+00 8.877215820481718822e+01
2.550000000000000000e+02 0.000000000000000000e+00 9.115060214867440891e+01
2.550000000000000000e+02 0.000000000000000000e+00 8.988284092878184595e+01
2.550000000000000000e+02 0.000000000000000000e+00 9.381636631433026707e+01
2.550000000000000000e+02 0.000000000000000000e+00 9.345594351065673777e+01
2.550000000000000000e+02 0.000000000000000000e+00 9.288626321261479291e+01
2.550000000000000000e+02 0.000000000000000000e+00 9.396605874198579045e+01
2.550000000000000000e+02 0.000000000000000000e+00 9.263320914919424354e+01
2.550000000000000000e+02 0.000000000000000000e+00 9.218679604921157988e+01
2.550000000000000000e+02 0.000000000000000000e+00 9.197363975047652218e+01
2.550000000000000000e+02 0.000000000000000000e+00 9.168239906428695463e+01
2.550000000000000000e+02 0.000000000000000000e+00 9.308809131866227915e+01
2.550000000000000000e+02 0.000000000000000000e+00 9.632130479986138027e+01
2.550000000000000000e+02 0.000000000000000000e+00 9.589648674406515738e+01
2.550000000000000000e+02 0.000000000000000000e+00 9.693447842661583991e+01
2.550000000000000000e+02 0.000000000000000000e+00 9.562346213827758845e+01
2.550000000000000000e+02 0.000000000000000000e+00 9.588578669208109773e+01
2.550000000000000000e+02 0.000000000000000000e+00 9.664191647894645598e+01
2.550000000000000000e+02 0.000000000000000000e+00 9.834441604574597307e+01
2.550000000000000000e+02 0.000000000000000000e+00 9.778911800381216324e+01
2.550000000000000000e+02 0.000000000000000000e+00 9.836334690694853577e+01
2.550000000000000000e+02 0.000000000000000000e+00 9.992029111072604053e+01
2.550000000000000000e+02 0.000000000000000000e+00 1.003947322821001507e+02
2.550000000000000000e+02 0.000000000000000000e+00 1.003203300987697162e+02
2.550000000000000000e+02 0.000000000000000000e+00 9.978809998267198011e+01
2.550000000000000000e+02 0.000000000000000000e+00 9.515188009010570624e+01
2.550000000000000000e+02 0.000000000000000000e+00 9.106097296828971821e+01
2.550000000000000000e+02 0.000000000000000000e+00 8.908336943337376113e+01
2.550000000000000000e+02 0.000000000000000000e+00 8.877807139143996551e+01
2.550000000000000000e+02 0.000000000000000000e+00 9.237634292150407589e+01
2.550000000000000000e+02 0.000000000000000000e+00 9.353926962398197986e+01
2.550000000000000000e+02 0.000000000000000000e+00 9.536124588459539098e+01
2.550000000000000000e+02 0.000000000000000000e+00 9.571543060128227864e+01
2.550000000000000000e+02 0.000000000000000000e+00 9.415649367527291247e+01
2.550000000000000000e+02 0.000000000000000000e+00 9.472288164962745327e+01
2.550000000000000000e+02 0.000000000000000000e+00 9.432457546352452482e+01
2.550000000000000000e+02 0.000000000000000000e+00 9.550411540460925153e+01
2.550000000000000000e+02 0.000000000000000000e+00 9.518443510656732087e+01
2.550000000000000000e+02 0.000000000000000000e+00 9.657823600762432648e+01
2.550000000000000000e+02 0.000000000000000000e+00 9.783863281926875288e+01
2.550000000000000000e+02 0.000000000000000000e+00 9.773739386588113121e+01
2.550000000000000000e+02 0.000000000000000000e+00 9.907732628660544094e+01
2.550000000000000000e+02 0.000000000000000000e+00 9.976695979899497502e+01
2.550000000000000000e+02 0.000000000000000000e+00 9.913600329232369290e+01
2.550000000000000000e+02 0.000000000000000000e+00 9.875706116790850331e+01
2.550000000000000000e+02 0.000000000000000000e+00 9.891628400623808659e+01
2.550000000000000000e+02 0.000000000000000000e+00 9.939596690348292896e+01
2.550000000000000000e+02 0.000000000000000000e+00 1.008285609079882192e+02
2.550000000000000000e+02 0.000000000000000000e+00 1.005791240686189525e+02
2.550000000000000000e+02 0.000000000000000000e+00 9.930406342055103153e+01
2.550000000000000000e+02 0.000000000000000000e+00 1.006007407728296670e+02
2.550000000000000000e+02 0.000000000000000000e+00 1.012114884768670890e+02
2.550000000000000000e+02 0.000000000000000000e+00 9.809051724137931672e+01
2.550000000000000000e+02 0.000000000000000000e+00 9.345282446716340985e+01
2.550000000000000000e+02 0.000000000000000000e+00 9.020817449315542547e+01
2.550000000000000000e+02 0.000000000000000000e+00 9.011553456939871865e+01
2.550000000000000000e+02 0.000000000000000000e+00 9.057052503898803764e+01
2.550000000000000000e+02 0.000000000000000000e+00 9.242163403223011642e+01
2.550000000000000000e+02 0.000000000000000000e+00 9.241318662276901819e+01
2.550000000000000000e+02 0.000000000000000000e+00 9.542499133599029904e+01
2.550000000000000000e+02 0.000000000000000000e+00 9.629695893259400918e+01
2.550000000000000000e+02 0.000000000000000000e+00 9.532379570265118218e+01
2.550000000000000000e+02 0.000000000000000000e+00 9.318703430947842037e+01
2.550000000000000000e+02 0.000000000000000000e+00 9.340311471148847033e+01
2.550000000000000000e+02 0.000000000000000000e+00 9.307505198405822000e+01
2.550000000000000000e+02 0.000000000000000000e+00 9.454624415179344510e+01
2.550000000000000000e+02 0.000000000000000000e+00 9.518521486744064930e+01
2.550000000000000000e+02 0.000000000000000000e+00 9.767683243805232962e+01
2.550000000000000000e+02 0.000000000000000000e+00 9.689709322474440967e+01
2.550000000000000000e+02 0.000000000000000000e+00 9.620557529024432597e+01
2.550000000000000000e+02 0.000000000000000000e+00 9.916602408594697238e+01
2.550000000000000000e+02 0.000000000000000000e+00 9.697537255241725518e+01
2.550000000000000000e+02 0.000000000000000000e+00 9.907037341881823522e+01
2.550000000000000000e+02 0.000000000000000000e+00 9.849109773002945190e+01
2.550000000000000000e+02 0.000000000000000000e+00 9.950905389014035052e+01
2.550000000000000000e+02 0.000000000000000000e+00 9.976847600069312705e+01
2.550000000000000000e+02 0.000000000000000000e+00 1.006369996534396165e+02
2.550000000000000000e+02 0.000000000000000000e+00 1.016556056142782865e+02
2.550000000000000000e+02 0.000000000000000000e+00 1.004084863975047597e+02
2.550000000000000000e+02 0.000000000000000000e+00 9.790198839022700383e+01
2.550000000000000000e+02 0.000000000000000000e+00 9.289702824467163111e+01
2.550000000000000000e+02 0.000000000000000000e+00 9.169927222318489157e+01
2.550000000000000000e+02 0.000000000000000000e+00 9.204698059261826870e+01
2.550000000000000000e+02 0.000000000000000000e+00 9.267735227863455805e+01
2.550000000000000000e+02 0.000000000000000000e+00 9.380531970195806934e+01
2.550000000000000000e+02 0.000000000000000000e+00 9.413236440824813656e+01
2.550000000000000000e+02 0.000000000000000000e+00 9.553400623808698811e+01
2.550000000000000000e+02 0.000000000000000000e+00 9.451955900190608872e+01
2.550000000000000000e+02 0.000000000000000000e+00 9.462441517934500723e+01
2.550000000000000000e+02 0.000000000000000000e+00 9.261891353318316078e+01
2.550000000000000000e+02 0.000000000000000000e+00 9.274839715820482411e+01
2.550000000000000000e+02 0.000000000000000000e+00 9.296400103968116468e+01
2.550000000000000000e+02 0.000000000000000000e+00 9.532002685843008294e+01
2.550000000000000000e+02 0.000000000000000000e+00 9.476453387627793745e+01
2.550000000000000000e+02 0.000000000000000000e+00 9.562023479466296294e+01
2.550000000000000000e+02 0.000000000000000000e+00 9.638234274822387704e+01
2.550000000000000000e+02 0.000000000000000000e+00 9.772736527464910239e+01
2.550000000000000000e+02 0.000000000000000000e+00 9.736685583087853502e+01
2.550000000000000000e+02 0.000000000000000000e+00 9.786633599029630659e+01
2.550000000000000000e+02 0.000000000000000000e+00 9.733271963264598980e+01
2.550000000000000000e+02 0.000000000000000000e+00 9.776171807312424278e+01
2.550000000000000000e+02 0.000000000000000000e+00 9.834092878184023334e+01
2.550000000000000000e+02 0.000000000000000000e+00 9.810054583261133132e+01
2.550000000000000000e+02 0.000000000000000000e+00 9.908943424016635504e+01
2.550000000000000000e+02 0.000000000000000000e+00 9.963502859123202882e+01
2.550000000000000000e+02 0.000000000000000000e+00 1.001372812337549760e+02
2.550000000000000000e+02 0.000000000000000000e+00 9.692659417778547493e+01
2.550000000000000000e+02 0.000000000000000000e+00 9.160927482238780328e+01
2.550000000000000000e+02 0.000000000000000000e+00 9.086871859296482512e+01
2.550000000000000000e+02 0.000000000000000000e+00 8.969730116097730388e+01
2.550000000000000000e+02 0.000000000000000000e+00 9.024153093051464225e+01
2.550000000000000000e+02 0.000000000000000000e+00 9.170395078842487635e+01
2.550000000000000000e+02 0.000000000000000000e+00 9.264635678391960028e+01
2.550000000000000000e+02 0.000000000000000000e+00 9.357180298041933497e+01
2.550000000000000000e+02 0.000000000000000000e+00 9.562396031883555736e+01
2.550000000000000000e+02 0.000000000000000000e+00 9.355735574423843559e+01
2.550000000000000000e+02 0.000000000000000000e+00 9.276085167215387628e+01
2.550000000000000000e+02 0.000000000000000000e+00 9.260643735920984909e+01
2.550000000000000000e+02 0.000000000000000000e+00 9.218712094957545844e+01
2.550000000000000000e+02 0.000000000000000000e+00 9.268569138797435869e+01
2.550000000000000000e+02 0.000000000000000000e+00 9.398046265811817079e+01
2.550000000000000000e+02 0.000000000000000000e+00 9.579332004851845284e+01
2.550000000000000000e+02 0.000000000000000000e+00 9.563199618783572475e+01
2.550000000000000000e+02 0.000000000000000000e+00 9.532243112112286099e+01
2.550000000000000000e+02 0.000000000000000000e+00 9.773475134292149846e+01
2.550000000000000000e+02 0.000000000000000000e+00 9.753409287818402618e+01
2.550000000000000000e+02 0.000000000000000000e+00 9.633852451914745529e+01
2.550000000000000000e+02 0.000000000000000000e+00 9.686746231155778730e+01
2.550000000000000000e+02 0.000000000000000000e+00 9.738505025125628833e+01
2.550000000000000000e+02 0.000000000000000000e+00 9.732918904869173105e+01
2.550000000000000000e+02 0.000000000000000000e+00 9.928855484318142999e+01
2.550000000000000000e+02 0.000000000000000000e+00 9.992626927742159637e+01
2.550000000000000000e+02 0.000000000000000000e+00 9.854784699358863520e+01
2.550000000000000000e+02 0.000000000000000000e+00 9.476436059608386131e+01
2.550000000000000000e+02 0.000000000000000000e+00 9.231450355224397697e+01
2.550000000000000000e+02 0.000000000000000000e+00 8.960760700051983463e+01
2.550000000000000000e+02 0.000000000000000000e+00 9.074443337376537499e+01
2.550000000000000000e+02 0.000000000000000000e+00 9.060143389360595734e+01
2.550000000000000000e+02 0.000000000000000000e+00 9.210500779760873513e+01
2.550000000000000000e+02 0.000000000000000000e+00 9.336746231155778730e+01
2.550000000000000000e+02 0.000000000000000000e+00 9.637480505978166434e+01
2.550000000000000000e+02 0.000000000000000000e+00 9.740896291803846907e+01
2.550000000000000000e+02 0.000000000000000000e+00 9.783486397504765364e+01
2.550000000000000000e+02 0.000000000000000000e+00 9.816392306359382758e+01
2.550000000000000000e+02 0.000000000000000000e+00 9.797556749263559084e+01
2.550000000000000000e+02 0.000000000000000000e+00 9.810936146248484135e+01
2.550000000000000000e+02 0.000000000000000000e+00 1.004552503898804332e+02
2.550000000000000000e+02 0.000000000000000000e+00 1.002355960838676197e+02
2.550000000000000000e+02 0.000000000000000000e+00 1.027016115058048911e+02
2.550000000000000000e+02 0.000000000000000000e+00 1.043763212614798164e+02
2.550000000000000000e+02 0.000000000000000000e+00 1.070747270836943272e+02
2.550000000000000000e+02 0.000000000000000000e+00 1.073717509963611150e+02
2.550000000000000000e+02 0.000000000000000000e+00 1.076024952347946595e+02
2.550000000000000000e+02 0.000000000000000000e+00 1.080717813203950755e+02
2.550000000000000000e+02 0.000000000000000000e+00 1.092629960145555401e+02
2.550000000000000000e+02 0.000000000000000000e+00 1.087558698665742440e+02
2.550000000000000000e+02 0.000000000000000000e+00 1.103531666955467045e+02
2.550000000000000000e+02 0.000000000000000000e+00 1.107520577023046258e+02
2.550000000000000000e+02 0.000000000000000000e+00 1.115695070178478545e+02
2.550000000000000000e+02 0.000000000000000000e+00 1.143036952001386197e+02
2.550000000000000000e+02 0.000000000000000000e+00 1.094642826199965384e+02
2.550000000000000000e+02 0.000000000000000000e+00 1.057754938485531113e+02
2.550000000000000000e+02 0.000000000000000000e+00 1.026616487610466066e+02
2.550000000000000000e+02 0.000000000000000000e+00 1.005647418125108317e+02
2.550000000000000000e+02 0.000000000000000000e+00 1.006933590365621143e+02
2.550000000000000000e+02 0.000000000000000000e+00 1.023406472015248596e+02
2.550000000000000000e+02 0.000000000000000000e+00 1.030560344827586192e+02
2.550000000000000000e+02 0.000000000000000000e+00 1.041884205510310153e+02
2.550000000000000000e+02 0.000000000000000000e+00 1.045654999133599006e+02
2.550000000000000000e+02 0.000000000000000000e+00 1.042261523132905978e+02
2.550000000000000000e+02 0.000000000000000000e+00 1.038728773176225957e+02
2.550000000000000000e+02 0.000000000000000000e+00 1.027380869866574216e+02
2.550000000000000000e+02 0.000000000000000000e+00 1.020264035695719969e+02
2.550000000000000000e+02 0.000000000000000000e+00 1.041685366487610480e+02
2.550000000000000000e+02 0.000000000000000000e+00 1.035230029457632952e+02
2.550000000000000000e+02 0.000000000000000000e+00 1.052393865881129784e+02
2.550000000000000000e+02 0.000000000000000000e+00 1.049127750823080873e+02
2.550000000000000000e+02 0.000000000000000000e+00 1.068405172413793167e+02
2.550000000000000000e+02 0.000000000000000000e+00 1.070152486570785015e+02
2.550000000000000000e+02 0.000000000000000000e+00 1.074395468722924960e+02
2.550000000000000000e+02 0.000000000000000000e+00 1.079471712008317468e+02
2.550000000000000000e+02 0.000000000000000000e+00 1.084822821001559561e+02
2.550000000000000000e+02 0.000000000000000000e+00 1.080447712701438263e+02
2.550000000000000000e+02 0.000000000000000000e+00 1.084904695893259401e+02
2.550000000000000000e+02 0.000000000000000000e+00 1.079691777854791184e+02
2.550000000000000000e+02 0.000000000000000000e+00 1.092167518627620808e+02
2.550000000000000000e+02 0.000000000000000000e+00 1.093370083174493175e+02
2.550000000000000000e+02 0.000000000000000000e+00 1.077173366834170878e+02
2.550000000000000000e+02 0.000000000000000000e+00 1.033427482238780044e+02
2.550000000000000000e+02 0.000000000000000000e+00 9.885747704037429173e+01
2.550000000000000000e+02 0.000000000000000000e+00 9.761752729163056586e+01
2.550000000000000000e+02 0.000000000000000000e+00 9.819327239646509042e+01
2.550000000000000000e+02 0.000000000000000000e+00 9.788091318662276308e+01
2.550000000000000000e+02 0.000000000000000000e+00 1.001457503032403338e+02
2.550000000000000000e+02 0.000000000000000000e+00 1.021192384335470393e+02
2.550000000000000000e+02 0.000000000000000000e+00 1.015635288511523129e+02
2.550000000000000000e+02 0.000000000000000000e+00 1.012802157338416151e+02
2.550000000000000000e+02 0.000000000000000000e+00 1.001426095997227463e+02
2.550000000000000000e+02 0.000000000000000000e+00 9.843161930341362620e+01
2.550000000000000000e+02 0.000000000000000000e+00 9.977861289204643924e+01
2.550000000000000000e+02 0.000000000000000000e+00 9.898726390573557410e+01
2.550000000000000000e+02 0.000000000000000000e+00 9.917431987523825399e+01
2.550000000000000000e+02 0.000000000000000000e+00 9.973128573904003247e+01
2.550000000000000000e+02 0.000000000000000000e+00 1.026852148674406493e+02
2.550000000000000000e+02 0.000000000000000000e+00 1.024059521746664387e+02
2.550000000000000000e+02 0.000000000000000000e+00 1.033005111765725132e+02
2.550000000000000000e+02 0.000000000000000000e+00 1.039346733668341756e+02
2.550000000000000000e+02 0.000000000000000000e+00 1.033766245018194354e+02
2.550000000000000000e+02 0.000000000000000000e+00 1.037919338069658579e+02
2.550000000000000000e+02 0.000000000000000000e+00 1.036273392826199995e+02
2.550000000000000000e+02 0.000000000000000000e+00 1.028215863801767398e+02
2.550000000000000000e+02 0.000000000000000000e+00 1.049257710968636275e+02
2.550000000000000000e+02 0.000000000000000000e+00 1.029859209842314982e+02
2.550000000000000000e+02 0.000000000000000000e+00 1.031199748743718629e+02
2.550000000000000000e+02 0.000000000000000000e+00 9.719810258187489183e+01
2.550000000000000000e+02 0.000000000000000000e+00 9.489800294576329520e+01
2.550000000000000000e+02 0.000000000000000000e+00 9.145949575463524184e+01
2.550000000000000000e+02 0.000000000000000000e+00 9.356558655345693865e+01
2.550000000000000000e+02 0.000000000000000000e+00 9.320971235487783702e+01
2.550000000000000000e+02 0.000000000000000000e+00 9.599503985444464149e+01
2.550000000000000000e+02 0.000000000000000000e+00 9.650849072950961727e+01
2.550000000000000000e+02 0.000000000000000000e+00 9.711596776988390900e+01
2.550000000000000000e+02 0.000000000000000000e+00 9.795971235487783702e+01
2.550000000000000000e+02 0.000000000000000000e+00 9.674586293536648895e+01
2.550000000000000000e+02 0.000000000000000000e+00 9.597883815629873538e+01
2.550000000000000000e+02 0.000000000000000000e+00 9.389252295962570827e+01
2.550000000000000000e+02 0.000000000000000000e+00 9.422134378790504172e+01
2.550000000000000000e+02 0.000000000000000000e+00 9.526462051637497552e+01
2.550000000000000000e+02 0.000000000000000000e+00 9.767798041933806985e+01
2.550000000000000000e+02 0.000000000000000000e+00 9.875290244325073274e+01
2.550000000000000000e+02 0.000000000000000000e+00 9.844119303413620514e+01
2.550000000000000000e+02 0.000000000000000000e+00 9.767055103101715474e+01
2.550000000000000000e+02 0.000000000000000000e+00 9.587913706463351105e+01
2.550000000000000000e+02 0.000000000000000000e+00 9.653695200138623989e+01
2.550000000000000000e+02 0.000000000000000000e+00 9.834558568705597281e+01
2.550000000000000000e+02 0.000000000000000000e+00 9.741732368740252923e+01
2.550000000000000000e+02 0.000000000000000000e+00 9.956907381736267837e+01
2.550000000000000000e+02 0.000000000000000000e+00 1.011250866400970381e+02
2.550000000000000000e+02 0.000000000000000000e+00 1.002653352971755396e+02
2.550000000000000000e+02 0.000000000000000000e+00 9.558557875584820351e+01
2.550000000000000000e+02 0.000000000000000000e+00 9.191123722058569001e+01
2.550000000000000000e+02 0.000000000000000000e+00 8.918356870559695437e+01
2.550000000000000000e+02 0.000000000000000000e+00 8.932775948709063130e+01
2.550000000000000000e+02 0.000000000000000000e+00 8.983711661757061506e+01
2.550000000000000000e+02 0.000000000000000000e+00 9.054776035349159713e+01
2.550000000000000000e+02 0.000000000000000000e+00 9.118800901057009867e+01
2.550000000000000000e+02 0.000000000000000000e+00 9.152428088719459254e+01
2.550000000000000000e+02 0.000000000000000000e+00 9.213793103448276156e+01
2.550000000000000000e+02 0.000000000000000000e+00 9.103959452434587263e+01
2.550000000000000000e+02 0.000000000000000000e+00 9.172963957719632333e+01
2.550000000000000000e+02 0.000000000000000000e+00 9.139763472535089761e+01
2.550000000000000000e+02 0.000000000000000000e+00 9.226882256108126512e+01
2.550000000000000000e+02 0.000000000000000000e+00 9.298522786345520785e+01
2.550000000000000000e+02 0.000000000000000000e+00 9.459708022872985111e+01
2.550000000000000000e+02 0.000000000000000000e+00 9.613795269450702108e+01
2.550000000000000000e+02 0.000000000000000000e+00 9.654520447062900246e+01
2.550000000000000000e+02 0.000000000000000000e+00 9.627646854964477541e+01
2.550000000000000000e+02 0.000000000000000000e+00 9.672753855484317853e+01
2.550000000000000000e+02 0.000000000000000000e+00 9.784328972448449235e+01
2.550000000000000000e+02 0.000000000000000000e+00 9.831088632819269435e+01
2.550000000000000000e+02 0.000000000000000000e+00 9.881625801420896948e+01
2.550000000000000000e+02 0.000000000000000000e+00 1.005680341361982357e+02
2.550000000000000000e+02 0.000000000000000000e+00 1.002057485704384021e+02
2.550000000000000000e+02 0.000000000000000000e+00 1.006803846820308479e+02
2.550000000000000000e+02 0.000000000000000000e+00 1.012902226650493844e+02
2.550000000000000000e+02 0.000000000000000000e+00 1.036097946629700175e+02
2.550000000000000000e+02 0.000000000000000000e+00 1.049665785825680189e+02
2.550000000000000000e+02 0.000000000000000000e+00 1.022279284352798499e+02
2.550000000000000000e+02 0.000000000000000000e+00 9.874365361289204657e+01
2.550000000000000000e+02 0.000000000000000000e+00 9.359043060128227864e+01
2.550000000000000000e+02 0.000000000000000000e+00 9.386659591058742080e+01
2.550000000000000000e+02 0.000000000000000000e+00 9.363769277421590687e+01
2.550000000000000000e+02 0.000000000000000000e+00 9.396125021660024856e+01
2.550000000000000000e+02 0.000000000000000000e+00 9.509653872812337738e+01
2.550000000000000000e+02 0.000000000000000000e+00 9.767659417778547493e+01
2.550000000000000000e+02 0.000000000000000000e+00 9.752187662450181449e+01
2.550000000000000000e+02 0.000000000000000000e+00 9.684424276555189692e+01
2.550000000000000000e+02 0.000000000000000000e+00 9.756463351238953408e+01
2.550000000000000000e+02 0.000000000000000000e+00 9.789986570784959952e+01
2.550000000000000000e+02 0.000000000000000000e+00 9.798691734534742181e+01
2.550000000000000000e+02 0.000000000000000000e+00 9.740588719459366018e+01
2.550000000000000000e+02 0.000000000000000000e+00 9.932050337896377812e+01
2.550000000000000000e+02 0.000000000000000000e+00 1.015742289031363725e+02
2.550000000000000000e+02 0.000000000000000000e+00 1.021026468549644761e+02
2.550000000000000000e+02 0.000000000000000000e+00 1.041924493155432287e+02
2.550000000000000000e+02 0.000000000000000000e+00 1.034511999653439602e+02
2.550000000000000000e+02 0.000000000000000000e+00 1.039419944550337931e+02
2.550000000000000000e+02 0.000000000000000000e+00 1.040667561947669384e+02
2.550000000000000000e+02 0.000000000000000000e+00 1.040197972621729292e+02
2.550000000000000000e+02 0.000000000000000000e+00 1.033744801594177716e+02
2.550000000000000000e+02 0.000000000000000000e+00 1.044653439611852406e+02
2.550000000000000000e+02 0.000000000000000000e+00 1.037726997054236762e+02
2.550000000000000000e+02 0.000000000000000000e+00 1.043687185929648251e+02
2.550000000000000000e+02 0.000000000000000000e+00 1.044735747704037436e+02
2.550000000000000000e+02 0.000000000000000000e+00 1.055948275862068897e+02
2.550000000000000000e+02 0.000000000000000000e+00 1.069188832091492003e+02
2.550000000000000000e+02 0.000000000000000000e+00 1.041332091491942435e+02
2.550000000000000000e+02 0.000000000000000000e+00 1.022265421937272549e+02
2.550000000000000000e+02 0.000000000000000000e+00 9.604765205337029954e+01
2.550000000000000000e+02 0.000000000000000000e+00 9.224872205856870266e+01
2.550000000000000000e+02 0.000000000000000000e+00 9.104115404609252948e+01
2.550000000000000000e+02 0.000000000000000000e+00 9.359753508923930099e+01
2.550000000000000000e+02 0.000000000000000000e+00 9.395351758793970021e+01
2.550000000000000000e+02 0.000000000000000000e+00 9.582219286085600629e+01
2.550000000000000000e+02 0.000000000000000000e+00 9.926693813897071550e+01
2.550000000000000000e+02 0.000000000000000000e+00 1.020114798128573881e+02
2.550000000000000000e+02 0.000000000000000000e+00 1.037315023392826134e+02
2.550000000000000000e+02 0.000000000000000000e+00 1.042908508057528962e+02
2.550000000000000000e+02 0.000000000000000000e+00 1.022147158204817146e+02
2.550000000000000000e+02 0.000000000000000000e+00 1.048015075376884369e+02
2.550000000000000000e+02 0.000000000000000000e+00 1.060280064113671870e+02
2.550000000000000000e+02 0.000000000000000000e+00 1.068064893432680691e+02
2.550000000000000000e+02 0.000000000000000000e+00 1.072656601975394182e+02
2.550000000000000000e+02 0.000000000000000000e+00 1.087585123895338768e+02
2.550000000000000000e+02 0.000000000000000000e+00 1.109509400450528460e+02
2.550000000000000000e+02 0.000000000000000000e+00 1.127629093744585020e+02
2.550000000000000000e+02 0.000000000000000000e+00 1.132983451741465899e+02
2.550000000000000000e+02 0.000000000000000000e+00 1.131381259747010972e+02
2.550000000000000000e+02 0.000000000000000000e+00 1.129456333391093352e+02
2.550000000000000000e+02 0.000000000000000000e+00 1.147227516894818962e+02
2.550000000000000000e+02 0.000000000000000000e+00 1.154076633165829122e+02
2.550000000000000000e+02 0.000000000000000000e+00 1.173445893259400492e+02
2.550000000000000000e+02 0.000000000000000000e+00 1.183033269797262221e+02
2.550000000000000000e+02 0.000000000000000000e+00 1.205887844394385695e+02
2.550000000000000000e+02 0.000000000000000000e+00 1.223994758274129282e+02
2.550000000000000000e+02 0.000000000000000000e+00 1.234753725524172552e+02
2.550000000000000000e+02 0.000000000000000000e+00 1.235460708715993832e+02
2.550000000000000000e+02 0.000000000000000000e+00 1.173281926875758074e+02
2.550000000000000000e+02 0.000000000000000000e+00 1.118739169987870383e+02
2.550000000000000000e+02 0.000000000000000000e+00 1.075511609773002988e+02
2.550000000000000000e+02 0.000000000000000000e+00 1.058196153179691521e+02
2.550000000000000000e+02 0.000000000000000000e+00 1.073308785305839592e+02
2.550000000000000000e+02 0.000000000000000000e+00 1.087003335643735937e+02
2.550000000000000000e+02 0.000000000000000000e+00 1.115074077282966556e+02
2.550000000000000000e+02 0.000000000000000000e+00 1.135151403569572039e+02
2.550000000000000000e+02 0.000000000000000000e+00 1.168500043320048576e+02
2.550000000000000000e+02 0.000000000000000000e+00 1.166976693813897015e+02
2.550000000000000000e+02 0.000000000000000000e+00 1.169728816496274533e+02
2.550000000000000000e+02 0.000000000000000000e+00 1.175864451568185700e+02
2.550000000000000000e+02 0.000000000000000000e+00 1.161519234101542253e+02
2.550000000000000000e+02 0.000000000000000000e+00 1.172646638364234946e+02
2.550000000000000000e+02 0.000000000000000000e+00 1.176715907121815974e+02
2.550000000000000000e+02 0.000000000000000000e+00 1.187973271530064068e+02
2.550000000000000000e+02 0.000000000000000000e+00 1.192227083694333771e+02
2.550000000000000000e+02 0.000000000000000000e+00 1.184630913186622791e+02
2.550000000000000000e+02 0.000000000000000000e+00 1.169986354184716646e+02
2.550000000000000000e+02 0.000000000000000000e+00 1.160043969849246253e+02
2.550000000000000000e+02 0.000000000000000000e+00 1.156527031710275537e+02
2.550000000000000000e+02 0.000000000000000000e+00 1.139521963264598838e+02
2.550000000000000000e+02 0.000000000000000000e+00 1.134034179518281036e+02
2.550000000000000000e+02 0.000000000000000000e+00 1.106707026511869714e+02
2.550000000000000000e+02 0.000000000000000000e+00 1.088636718073124285e+02
2.550000000000000000e+02 0.000000000000000000e+00 1.078230809218506323e+02
2.550000000000000000e+02 0.000000000000000000e+00 1.095336163576503168e+02
2.550000000000000000e+02 0.000000000000000000e+00 1.096950051984058234e+02
2.550000000000000000e+02 0.000000000000000000e+00 1.085982931900883699e+02
2.550000000000000000e+02 0.000000000000000000e+00 1.058729422976953742e+02
2.550000000000000000e+02 0.000000000000000000e+00 1.006488693467336617e+02
2.550000000000000000e+02 0.000000000000000000e+00 1.031780237393865889e+02
2.550000000000000000e+02 0.000000000000000000e+00 1.068421417431987521e+02
2.550000000000000000e+02 0.000000000000000000e+00 1.104151576849766059e+02
2.550000000000000000e+02 0.000000000000000000e+00 1.156786518800901007e+02
2.550000000000000000e+02 0.000000000000000000e+00 1.174012736094264397e+02
2.550000000000000000e+02 0.000000000000000000e+00 1.186985141223358227e+02
2.550000000000000000e+02 0.000000000000000000e+00 1.167012432853924793e+02
2.550000000000000000e+02 0.000000000000000000e+00 1.165876364581528293e+02
2.550000000000000000e+02 0.000000000000000000e+00 1.152033876277941431e+02
2.550000000000000000e+02 0.000000000000000000e+00 1.138426182637324615e+02
2.550000000000000000e+02 0.000000000000000000e+00 1.135548215214001004e+02
2.550000000000000000e+02 0.000000000000000000e+00 1.143653396291803830e+02
2.550000000000000000e+02 0.000000000000000000e+00 1.152222751689481868e+02
2.550000000000000000e+02 0.000000000000000000e+00 1.155492765551897349e+02
2.550000000000000000e+02 0.000000000000000000e+00 1.154722968289724463e+02
2.550000000000000000e+02 0.000000000000000000e+00 1.149383988910067558e+02
2.550000000000000000e+02 0.000000000000000000e+00 1.148497010916652243e+02
2.550000000000000000e+02 0.000000000000000000e+00 1.146600459192514307e+02
2.550000000000000000e+02 0.000000000000000000e+00 1.141090365621209486e+02
2.550000000000000000e+02 0.000000000000000000e+00 1.161934673366834119e+02
2.550000000000000000e+02 0.000000000000000000e+00 1.164497704037428463e+02
2.550000000000000000e+02 0.000000000000000000e+00 1.174367743891873204e+02
2.550000000000000000e+02 0.000000000000000000e+00 1.168262216253682197e+02
2.550000000000000000e+02 0.000000000000000000e+00 1.188809348466470226e+02
2.550000000000000000e+02 0.000000000000000000e+00 1.175853188355570893e+02
2.550000000000000000e+02 0.000000000000000000e+00 1.133321997920637614e+02
2.550000000000000000e+02 0.000000000000000000e+00 1.092485704383988860e+02
2.550000000000000000e+02 0.000000000000000000e+00 1.047071348119909828e+02
2.550000000000000000e+02 0.000000000000000000e+00 1.028387844394385695e+02
2.550000000000000000e+02 0.000000000000000000e+00 1.045403093051464225e+02
2.550000000000000000e+02 0.000000000000000000e+00 1.045408074857043772e+02
2.550000000000000000e+02 0.000000000000000000e+00 1.058245971235487843e+02
2.550000000000000000e+02 0.000000000000000000e+00 1.084179085080575220e+02
2.550000000000000000e+02 0.000000000000000000e+00 1.088879960145555401e+02
2.550000000000000000e+02 0.000000000000000000e+00 1.091205163749783367e+02
2.550000000000000000e+02 0.000000000000000000e+00 1.092844394385721642e+02
2.550000000000000000e+02 0.000000000000000000e+00 1.079649974007970883e+02
2.550000000000000000e+02 0.000000000000000000e+00 1.075582871252815806e+02
2.550000000000000000e+02 0.000000000000000000e+00 1.093626321261479859e+02
2.550000000000000000e+02 0.000000000000000000e+00 1.093059045226130621e+02
2.550000000000000000e+02 0.000000000000000000e+00 1.091701178305319644e+02
2.550000000000000000e+02 0.000000000000000000e+00 1.121340322301160910e+02
2.550000000000000000e+02 0.000000000000000000e+00 1.126737133945590017e+02
2.550000000000000000e+02 0.000000000000000000e+00 1.123993025472188521e+02
2.550000000000000000e+02 0.000000000000000000e+00 1.149386804713221295e+02
2.550000000000000000e+02 0.000000000000000000e+00 1.138190738173626784e+02
2.550000000000000000e+02 0.000000000000000000e+00 1.134651490209669049e+02
2.550000000000000000e+02 0.000000000000000000e+00 1.139274822387801009e+02
2.550000000000000000e+02 0.000000000000000000e+00 1.145002599202911142e+02
2.550000000000000000e+02 0.000000000000000000e+00 1.161772656385375200e+02
2.550000000000000000e+02 0.000000000000000000e+00 1.157561081268410987e+02
2.550000000000000000e+02 0.000000000000000000e+00 1.120399844047825297e+02
2.550000000000000000e+02 0.000000000000000000e+00 1.081553240339629127e+02
2.550000000000000000e+02 0.000000000000000000e+00 1.061592011783053238e+02
2.550000000000000000e+02 0.000000000000000000e+00 1.048920031190434941e+02
2.550000000000000000e+02 0.000000000000000000e+00 1.079359513082654587e+02
2.550000000000000000e+02 0.000000000000000000e+00 1.083092401663489852e+02
2.550000000000000000e+02 0.000000000000000000e+00 1.103132256108126796e+02
2.550000000000000000e+02 0.000000000000000000e+00 1.099763255934846597e+02
2.550000000000000000e+02 0.000000000000000000e+00 1.127770750303240277e+02
2.550000000000000000e+02 0.000000000000000000e+00 1.108792020447062896e+02
2.550000000000000000e+02 0.000000000000000000e+00 1.111138017674579856e+02
2.550000000000000000e+02 0.000000000000000000e+00 1.107631043146768377e+02
2.550000000000000000e+02 0.000000000000000000e+00 1.117402746491076044e+02
2.550000000000000000e+02 0.000000000000000000e+00 1.122007884248830294e+02
2.550000000000000000e+02 0.000000000000000000e+00 1.135689005371686022e+02
2.550000000000000000e+02 0.000000000000000000e+00 1.139274605787558414e+02
2.550000000000000000e+02 0.000000000000000000e+00 1.164497920637671058e+02
2.550000000000000000e+02 0.000000000000000000e+00 1.158702564546872225e+02
2.550000000000000000e+02 0.000000000000000000e+00 1.161390573557442423e+02
2.550000000000000000e+02 0.000000000000000000e+00 1.162028461271876694e+02
2.550000000000000000e+02 0.000000000000000000e+00 1.172591188702131291e+02
2.550000000000000000e+02 0.000000000000000000e+00 1.178355354357996845e+02
2.550000000000000000e+02 0.000000000000000000e+00 1.185926182637324615e+02
2.550000000000000000e+02 0.000000000000000000e+00 1.184913359902963066e+02
2.550000000000000000e+02 0.000000000000000000e+00 1.186916695546699003e+02
2.550000000000000000e+02 0.000000000000000000e+00 1.158109079882169539e+02
2.550000000000000000e+02 0.000000000000000000e+00 1.116128054063420620e+02
2.550000000000000000e+02 0.000000000000000000e+00 1.075500346560388181e+02
2.550000000000000000e+02 0.000000000000000000e+00 1.067529024432507327e+02
2.550000000000000000e+02 0.000000000000000000e+00 1.077969156125454901e+02
2.550000000000000000e+02 0.000000000000000000e+00 1.093293839889100667e+02
2.550000000000000000e+02 0.000000000000000000e+00 1.115422587073297507e+02
2.550000000000000000e+02 0.000000000000000000e+00 1.132097556749263561e+02
2.550000000000000000e+02 0.000000000000000000e+00 1.139554669901230284e+02
2.550000000000000000e+02 0.000000000000000000e+00 1.145828279327672874e+02
2.550000000000000000e+02 0.000000000000000000e+00 1.145063247270836939e+02
2.550000000000000000e+02 0.000000000000000000e+00 1.144350632472708327e+02
2.550000000000000000e+02 0.000000000000000000e+00 1.133571954600589180e+02
2.550000000000000000e+02 0.000000000000000000e+00 1.138857650320568382e+02
2.550000000000000000e+02 0.000000000000000000e+00 1.134326806446023284e+02
2.550000000000000000e+02 0.000000000000000000e+00 1.142604401316929454e+02
2.550000000000000000e+02 0.000000000000000000e+00 1.145851455553630274e+02
2.550000000000000000e+02 0.000000000000000000e+00 1.149357347080228777e+02
2.550000000000000000e+02 0.000000000000000000e+00 1.140711748397158232e+02
2.550000000000000000e+02 0.000000000000000000e+00 1.144503768844221128e+02
2.550000000000000000e+02 0.000000000000000000e+00 1.151063507191128110e+02
2.550000000000000000e+02 0.000000000000000000e+00 1.153341708542713633e+02
2.550000000000000000e+02 0.000000000000000000e+00 1.167151490209669049e+02
2.550000000000000000e+02 0.000000000000000000e+00 1.184713004678565227e+02
2.550000000000000000e+02 0.000000000000000000e+00 1.180541933806965886e+02
2.550000000000000000e+02 0.000000000000000000e+00 1.160120213134638760e+02
2.550000000000000000e+02 0.000000000000000000e+00 1.125920551031017141e+02
2.550000000000000000e+02 0.000000000000000000e+00 1.099786432160803997e+02
2.550000000000000000e+02 0.000000000000000000e+00 1.085200788424883029e+02
2.550000000000000000e+02 0.000000000000000000e+00 1.090281363715127299e+02
2.550000000000000000e+02 0.000000000000000000e+00 1.102296395771963233e+02
2.550000000000000000e+02 0.000000000000000000e+00 1.133607477040374221e+02
2.550000000000000000e+02 0.000000000000000000e+00 1.144782316756194831e+02
2.550000000000000000e+02 0.000000000000000000e+00 1.151472881649627453e+02
2.550000000000000000e+02 0.000000000000000000e+00 1.145767631259747077e+02
2.550000000000000000e+02 0.000000000000000000e+00 1.128663793103448256e+02
2.550000000000000000e+02 0.000000000000000000e+00 1.122517977820135116e+02
2.550000000000000000e+02 0.000000000000000000e+00 1.102962874718419641e+02
2.550000000000000000e+02 0.000000000000000000e+00 1.109860292843527958e+02
2.550000000000000000e+02 0.000000000000000000e+00 1.115145555363021970e+02
2.550000000000000000e+02 0.000000000000000000e+00 1.129682030843874543e+02
2.550000000000000000e+02 0.000000000000000000e+00 1.121383425749436782e+02
2.550000000000000000e+02 0.000000000000000000e+00 1.120833044533009826e+02
2.550000000000000000e+02 0.000000000000000000e+00 1.129789897764685520e+02
2.550000000000000000e+02 0.000000000000000000e+00 1.131114408248137266e+02
2.550000000000000000e+02 0.000000000000000000e+00 1.136651793450008654e+02
2.550000000000000000e+02 0.000000000000000000e+00 1.131530064113671870e+02
2.550000000000000000e+02 0.000000000000000000e+00 1.133725090972101839e+02
2.550000000000000000e+02 0.000000000000000000e+00 1.125942427655518969e+02
2.550000000000000000e+02 0.000000000000000000e+00 1.141689265291977193e+02
2.550000000000000000e+02 0.000000000000000000e+00 1.114794446369779877e+02
2.550000000000000000e+02 0.000000000000000000e+00 1.059195113498527121e+02
2.550000000000000000e+02 0.000000000000000000e+00 1.003480116097729962e+02
2.550000000000000000e+02 0.000000000000000000e+00 9.979780367354011616e+01
2.550000000000000000e+02 0.000000000000000000e+00 1.008792237047305491e+02
2.550000000000000000e+02 0.000000000000000000e+00 1.020948492462311492e+02
2.550000000000000000e+02 0.000000000000000000e+00 1.025891743198752408e+02
2.550000000000000000e+02 0.000000000000000000e+00 1.046230939178651909e+02
2.550000000000000000e+02 0.000000000000000000e+00 1.049591491942471038e+02
2.550000000000000000e+02 0.000000000000000000e+00 1.036923410154219312e+02
2.550000000000000000e+02 0.000000000000000000e+00 1.037080228729856231e+02
2.550000000000000000e+02 0.000000000000000000e+00 1.020498613758447419e+02
2.550000000000000000e+02 0.000000000000000000e+00 1.024969242765551911e+02
2.550000000000000000e+02 0.000000000000000000e+00 1.008741985791024121e+02
2.550000000000000000e+02 0.000000000000000000e+00 1.036515335297175540e+02
2.550000000000000000e+02 0.000000000000000000e+00 1.018765811817709306e+02
2.550000000000000000e+02 0.000000000000000000e+00 1.031532663316582870e+02
2.550000000000000000e+02 0.000000000000000000e+00 1.038226044013169229e+02
2.550000000000000000e+02 0.000000000000000000e+00 1.039438572171200832e+02
2.550000000000000000e+02 0.000000000000000000e+00 1.056368480332697999e+02
2.550000000000000000e+02 0.000000000000000000e+00 1.042553500259920298e+02
2.550000000000000000e+02 0.000000000000000000e+00 1.049941517934500155e+02
2.550000000000000000e+02 0.000000000000000000e+00 1.033424883035869044e+02
2.550000000000000000e+02 0.000000000000000000e+00 1.023501992722231790e+02
2.550000000000000000e+02 0.000000000000000000e+00 9.976057009183850255e+01
2.550000000000000000e+02 0.000000000000000000e+00 9.765272483105181323e+01
2.550000000000000000e+02 0.000000000000000000e+00 9.512010483451742004e+01
2.550000000000000000e+02 0.000000000000000000e+00 9.134814156991855327e+01
2.550000000000000000e+02 0.000000000000000000e+00 9.113849419511349481e+01
2.550000000000000000e+02 0.000000000000000000e+00 9.099945849939352627e+01
2.550000000000000000e+02 0.000000000000000000e+00 9.466125888060994953e+01
2.550000000000000000e+02 0.000000000000000000e+00 9.603352971755327872e+01
2.550000000000000000e+02 0.000000000000000000e+00 9.606896551724138078e+01
2.550000000000000000e+02 0.000000000000000000e+00 9.645442730895858574e+01
2.550000000000000000e+02 0.000000000000000000e+00 9.773379830185409389e+01
2.550000000000000000e+02 0.000000000000000000e+00 9.621029717553282978e+01
2.550000000000000000e+02 0.000000000000000000e+00 9.602791977127014889e+01
2.550000000000000000e+02 0.000000000000000000e+00 9.486648761046612321e+01
2.550000000000000000e+02 0.000000000000000000e+00 9.730934846647028280e+01
2.550000000000000000e+02 0.000000000000000000e+00 9.791862328885808608e+01
2.550000000000000000e+02 0.000000000000000000e+00 9.915530237393865320e+01
2.550000000000000000e+02 0.000000000000000000e+00 9.973074423843354452e+01
2.550000000000000000e+02 0.000000000000000000e+00 1.010259487090625612e+02
2.550000000000000000e+02 0.000000000000000000e+00 1.012999696759660395e+02
2.550000000000000000e+02 0.000000000000000000e+00 1.015466990123028950e+02
2.550000000000000000e+02 0.000000000000000000e+00 1.019212008317449261e+02
2.550000000000000000e+02 0.000000000000000000e+00 1.018486180904522627e+02
2.550000000000000000e+02 0.000000000000000000e+00 1.031850199272223136e+02
2.550000000000000000e+02 0.000000000000000000e+00 1.029166089066019794e+02
2.550000000000000000e+02 0.000000000000000000e+00 1.032971322127880853e+02
2.550000000000000000e+02 0.000000000000000000e+00 9.795449228903136429e+01
2.550000000000000000e+02 0.000000000000000000e+00 9.514791630566625713e+01
2.550000000000000000e+02 0.000000000000000000e+00 9.245065846473748650e+01
2.550000000000000000e+02 0.000000000000000000e+00 9.495226130653266239e+01
2.550000000000000000e+02 0.000000000000000000e+00 9.406991855830878535e+01
2.550000000000000000e+02 0.000000000000000000e+00 9.589947582741292820e+01
2.550000000000000000e+02 0.000000000000000000e+00 9.728831658291457529e+01
2.550000000000000000e+02 0.000000000000000000e+00 9.804256194766938393e+01
2.550000000000000000e+02 0.000000000000000000e+00 9.732466210362156289e+01
2.550000000000000000e+02 0.000000000000000000e+00 9.598988476867094732e+01
2.550000000000000000e+02 0.000000000000000000e+00 9.530885028591231389e+01
2.550000000000000000e+02 0.000000000000000000e+00 9.484961445156818627e+01
2.550000000000000000e+02 0.000000000000000000e+00 9.513509357130479316e+01
2.550000000000000000e+02 0.000000000000000000e+00 9.727261306532663809e+01
2.550000000000000000e+02 0.000000000000000000e+00 9.958451741465950136e+01
2.550000000000000000e+02 0.000000000000000000e+00 9.940131692947495878e+01
2.550000000000000000e+02 0.000000000000000000e+00 1.003119909894299013e+02
2.550000000000000000e+02 0.000000000000000000e+00 1.003528634552070713e+02
2.550000000000000000e+02 0.000000000000000000e+00 1.014773219546005834e+02
2.550000000000000000e+02 0.000000000000000000e+00 1.018494411713741101e+02
2.550000000000000000e+02 0.000000000000000000e+00 1.018886891353318305e+02
2.550000000000000000e+02 0.000000000000000000e+00 1.040387064633512324e+02
2.550000000000000000e+02 0.000000000000000000e+00 1.041112025645468719e+02
2.550000000000000000e+02 0.000000000000000000e+00 1.042276685149887356e+02
2.550000000000000000e+02 0.000000000000000000e+00 1.024544489689828453e+02
2.550000000000000000e+02 0.000000000000000000e+00 1.022420724311211160e+02
2.550000000000000000e+02 0.000000000000000000e+00 9.593142436319529054e+01
2.550000000000000000e+02 0.000000000000000000e+00 9.358575203604227966e+01
2.550000000000000000e+02 0.000000000000000000e+00 9.147669381389707155e+01
2.550000000000000000e+02 0.000000000000000000e+00 9.199244065153352778e+01
2.550000000000000000e+02 0.000000000000000000e+00 9.508612025645469146e+01
2.550000000000000000e+02 0.000000000000000000e+00 9.631517501299600781e+01
2.550000000000000000e+02 0.000000000000000000e+00 9.643330878530584016e+01
2.550000000000000000e+02 0.000000000000000000e+00 9.667715733841622239e+01
2.550000000000000000e+02 0.000000000000000000e+00 9.689969242765552337e+01
2.550000000000000000e+02 0.000000000000000000e+00 9.720525038988043320e+01
2.550000000000000000e+02 0.000000000000000000e+00 9.584437272569745403e+01
2.550000000000000000e+02 0.000000000000000000e+00 9.600651966730202957e+01
2.550000000000000000e+02 0.000000000000000000e+00 9.843640616877490856e+01
2.550000000000000000e+02 0.000000000000000000e+00 1.025005848206549928e+02
2.550000000000000000e+02 0.000000000000000000e+00 1.038507624328539265e+02
2.550000000000000000e+02 0.000000000000000000e+00 1.051276858430081376e+02
2.550000000000000000e+02 0.000000000000000000e+00 1.073152183330445268e+02
2.550000000000000000e+02 0.000000000000000000e+00 1.081923626754461907e+02
2.550000000000000000e+02 0.000000000000000000e+00 1.100023176225957400e+02
2.550000000000000000e+02 0.000000000000000000e+00 1.107304843181424303e+02
2.550000000000000000e+02 0.000000000000000000e+00 1.124143129440304989e+02
2.550000000000000000e+02 0.000000000000000000e+00 1.119755891526598504e+02
2.550000000000000000e+02 0.000000000000000000e+00 1.138321348119909828e+02
2.550000000000000000e+02 0.000000000000000000e+00 1.143561124588459563e+02
2.550000000000000000e+02 0.000000000000000000e+00 1.157733495061514475e+02
2.550000000000000000e+02 0.000000000000000000e+00 1.155798388494195166e+02
2.550000000000000000e+02 0.000000000000000000e+00 1.137170334430774545e+02
2.550000000000000000e+02 0.000000000000000000e+00 1.087975220932247424e+02
2.550000000000000000e+02 0.000000000000000000e+00 1.044479942817535942e+02
2.550000000000000000e+02 0.000000000000000000e+00 1.044187315889793837e+02
2.550000000000000000e+02 0.000000000000000000e+00 1.042255458326113313e+02
2.550000000000000000e+02 0.000000000000000000e+00 1.051620603015075375e+02
2.550000000000000000e+02 0.000000000000000000e+00 1.069835600415872534e+02
2.550000000000000000e+02 0.000000000000000000e+00 1.071520533702997682e+02
2.550000000000000000e+02 0.000000000000000000e+00 1.066414182983885013e+02
2.550000000000000000e+02 0.000000000000000000e+00 1.046356783919598001e+02
2.550000000000000000e+02 0.000000000000000000e+00 1.016751862762086347e+02
2.550000000000000000e+02 0.000000000000000000e+00 9.719985704383988434e+01
2.550000000000000000e+02 0.000000000000000000e+00 9.760437965690520912e+01
2.550000000000000000e+02 0.000000000000000000e+00 9.900266418298387805e+01
2.550000000000000000e+02 0.000000000000000000e+00 1.000272266504938443e+02
2.550000000000000000e+02 0.000000000000000000e+00 1.014811557788944754e+02
2.550000000000000000e+02 0.000000000000000000e+00 1.045702217986484186e+02
2.550000000000000000e+02 0.000000000000000000e+00 1.062660500779760895e+02
2.550000000000000000e+02 0.000000000000000000e+00 1.078937792410327461e+02
2.550000000000000000e+02 0.000000000000000000e+00 1.091273826026685185e+02
2.550000000000000000e+02 0.000000000000000000e+00 1.104122552417258731e+02
2.550000000000000000e+02 0.000000000000000000e+00 1.121017154739213311e+02
2.550000000000000000e+02 0.000000000000000000e+00 1.136211228556576032e+02
2.550000000000000000e+02 0.000000000000000000e+00 1.164592574943683871e+02
2.550000000000000000e+02 0.000000000000000000e+00 1.172710752036042265e+02
2.550000000000000000e+02 0.000000000000000000e+00 1.191617137411193852e+02
2.550000000000000000e+02 0.000000000000000000e+00 1.161512086293536612e+02
2.550000000000000000e+02 0.000000000000000000e+00 1.136991639230635940e+02
2.550000000000000000e+02 0.000000000000000000e+00 1.083689351932074203e+02
2.550000000000000000e+02 0.000000000000000000e+00 1.057705120429734933e+02
2.550000000000000000e+02 0.000000000000000000e+00 1.052316322994281705e+02
2.550000000000000000e+02 0.000000000000000000e+00 1.074030930514642108e+02
2.550000000000000000e+02 0.000000000000000000e+00 1.079711488476867061e+02
2.550000000000000000e+02 0.000000000000000000e+00 1.088530583954254070e+02
2.550000000000000000e+02 0.000000000000000000e+00 1.101859079882169539e+02
2.550000000000000000e+02 0.000000000000000000e+00 1.094823904002772537e+02
2.550000000000000000e+02 0.000000000000000000e+00 1.087942730895858574e+02
2.550000000000000000e+02 0.000000000000000000e+00 1.083711011956333437e+02
2.550000000000000000e+02 0.000000000000000000e+00 1.077429821521400157e+02
2.550000000000000000e+02 0.000000000000000000e+00 1.083180124761739762e+02
2.550000000000000000e+02 0.000000000000000000e+00 1.088206983191821138e+02
2.550000000000000000e+02 0.000000000000000000e+00 1.102074380523306161e+02
2.550000000000000000e+02 0.000000000000000000e+00 1.104101975394212474e+02
2.550000000000000000e+02 0.000000000000000000e+00 1.126332091491942435e+02
2.550000000000000000e+02 0.000000000000000000e+00 1.130224181251083024e+02
2.550000000000000000e+02 0.000000000000000000e+00 1.155175229596257083e+02
2.550000000000000000e+02 0.000000000000000000e+00 1.164156342055103153e+02
2.550000000000000000e+02 0.000000000000000000e+00 1.169763255934846597e+02
2.550000000000000000e+02 0.000000000000000000e+00 1.167159504418644929e+02
2.550000000000000000e+02 0.000000000000000000e+00 1.187249826719805981e+02
2.550000000000000000e+02 0.000000000000000000e+00 1.196678002079362386e+02
2.550000000000000000e+02 0.000000000000000000e+00 1.203325463524519137e+02
2.550000000000000000e+02 0.000000000000000000e+00 1.167641006757927613e+02
2.550000000000000000e+02 0.000000000000000000e+00 1.137635808352105329e+02
2.550000000000000000e+02 0.000000000000000000e+00 1.095796222491769214e+02
2.550000000000000000e+02 0.000000000000000000e+00 1.075770663663143267e+02
2.550000000000000000e+02 0.000000000000000000e+00 1.078772743025472209e+02
2.550000000000000000e+02 0.000000000000000000e+00 1.096536995321434773e+02
2.550000000000000000e+02 0.000000000000000000e+00 1.122253942124415147e+02
2.550000000000000000e+02 0.000000000000000000e+00 1.148046699012302838e+02
2.550000000000000000e+02 0.000000000000000000e+00 1.155328799168255074e+02
2.550000000000000000e+02 0.000000000000000000e+00 1.154551204297348761e+02
2.550000000000000000e+02 0.000000000000000000e+00 1.154043060128227296e+02
2.550000000000000000e+02 0.000000000000000000e+00 1.146495624675099663e+02
2.550000000000000000e+02 0.000000000000000000e+00 1.141556489343268055e+02
2.550000000000000000e+02 0.000000000000000000e+00 1.134214174319875212e+02
2.550000000000000000e+02 0.000000000000000000e+00 1.127457329752209318e+02
2.550000000000000000e+02 0.000000000000000000e+00 1.128639967076763071e+02
2.550000000000000000e+02 0.000000000000000000e+00 1.144192514295615979e+02
2.550000000000000000e+02 0.000000000000000000e+00 1.142374155259053907e+02
2.550000000000000000e+02 0.000000000000000000e+00 1.150680341361982357e+02
2.550000000000000000e+02 0.000000000000000000e+00 1.173392609599722789e+02
2.550000000000000000e+02 0.000000000000000000e+00 1.187121815976433936e+02
2.550000000000000000e+02 0.000000000000000000e+00 1.219295832611332457e+02
2.550000000000000000e+02 0.000000000000000000e+00 1.249419294749610145e+02
2.550000000000000000e+02 0.000000000000000000e+00 1.267414009703690851e+02
2.550000000000000000e+02 0.000000000000000000e+00 1.288776425229596327e+02
2.550000000000000000e+02 0.000000000000000000e+00 1.295190824813723793e+02
2.550000000000000000e+02 0.000000000000000000e+00 1.279378357303760225e+02
2.550000000000000000e+02 0.000000000000000000e+00 1.232792626927742106e+02
2.550000000000000000e+02 0.000000000000000000e+00 1.195997444117137434e+02
2.550000000000000000e+02 0.000000000000000000e+00 1.168547695373418804e+02
2.550000000000000000e+02 0.000000000000000000e+00 1.156214910760700008e+02
2.550000000000000000e+02 0.000000000000000000e+00 1.159481892219719299e+02
2.550000000000000000e+02 0.000000000000000000e+00 1.172021746664356243e+02
2.550000000000000000e+02 0.000000000000000000e+00 1.208883209149194187e+02
2.550000000000000000e+02 0.000000000000000000e+00 1.196091232022179867e+02
2.550000000000000000e+02 0.000000000000000000e+00 1.205702001386241591e+02
2.550000000000000000e+02 0.000000000000000000e+00 1.190070611679085033e+02
2.550000000000000000e+02 0.000000000000000000e+00 1.174866574250563218e+02
2.550000000000000000e+02 0.000000000000000000e+00 1.173258100849072889e+02
2.550000000000000000e+02 0.000000000000000000e+00 1.206142999480159403e+02
2.550000000000000000e+02 0.000000000000000000e+00 1.207027811471148908e+02
2.550000000000000000e+02 0.000000000000000000e+00 1.233231025818748918e+02
2.550000000000000000e+02 0.000000000000000000e+00 1.246106394039161387e+02
2.550000000000000000e+02 0.000000000000000000e+00 1.271767241379310320e+02
2.550000000000000000e+02 0.000000000000000000e+00 1.298365751169641271e+02
2.550000000000000000e+02 0.000000000000000000e+00 1.316461401836770051e+02
2.550000000000000000e+02 0.000000000000000000e+00 1.322990166348986349e+02
2.550000000000000000e+02 0.000000000000000000e+00 1.311536562120949441e+02
2.550000000000000000e+02 0.000000000000000000e+00 1.315333564373592026e+02
2.550000000000000000e+02 0.000000000000000000e+00 1.318067276035349096e+02
2.550000000000000000e+02 0.000000000000000000e+00 1.324210492115751094e+02
2.550000000000000000e+02 0.000000000000000000e+00 1.327928868480332767e+02
2.550000000000000000e+02 0.000000000000000000e+00 1.326731285739039947e+02
2.550000000000000000e+02 0.000000000000000000e+00 1.295012129613585046e+02
2.550000000000000000e+02 0.000000000000000000e+00 1.244195546699012311e+02
2.550000000000000000e+02 0.000000000000000000e+00 1.237520360422803662e+02
2.550000000000000000e+02 0.000000000000000000e+00 1.206852365274649088e+02
2.550000000000000000e+02 0.000000000000000000e+00 1.199784482758620641e+02
2.550000000000000000e+02 0.000000000000000000e+00 1.211913013342574885e+02
2.550000000000000000e+02 0.000000000000000000e+00 1.219617483971582033e+02
2.550000000000000000e+02 0.000000000000000000e+00 1.226963914399584183e+02
2.550000000000000000e+02 0.000000000000000000e+00 1.239526511869693337e+02
2.550000000000000000e+02 0.000000000000000000e+00 1.239246664356264063e+02
2.550000000000000000e+02 0.000000000000000000e+00 1.239749176919078195e+02
2.550000000000000000e+02 0.000000000000000000e+00 1.240401576849766059e+02
2.550000000000000000e+02 0.000000000000000000e+00 1.245785392479639597e+02
2.550000000000000000e+02 0.000000000000000000e+00 1.237191344654305993e+02
2.550000000000000000e+02 0.000000000000000000e+00 1.249958845953907485e+02
2.550000000000000000e+02 0.000000000000000000e+00 1.283227127014382347e+02
2.550000000000000000e+02 0.000000000000000000e+00 1.276579448968982859e+02
2.550000000000000000e+02 0.000000000000000000e+00 1.299091361982325452e+02
2.550000000000000000e+02 0.000000000000000000e+00 1.313578669208109488e+02
2.550000000000000000e+02 0.000000000000000000e+00 1.319068185756368052e+02
2.550000000000000000e+02 0.000000000000000000e+00 1.321331008490729459e+02
2.550000000000000000e+02 0.000000000000000000e+00 1.316780453994108484e+02
2.550000000000000000e+02 0.000000000000000000e+00 1.317966773522786355e+02
2.550000000000000000e+02 0.000000000000000000e+00 1.327349679431640936e+02
2.550000000000000000e+02 0.000000000000000000e+00 1.332248310518107814e+02
2.550000000000000000e+02 0.000000000000000000e+00 1.336688832091491861e+02
2.550000000000000000e+02 0.000000000000000000e+00 1.328926529197712796e+02
2.550000000000000000e+02 0.000000000000000000e+00 1.313567622595737419e+02
2.550000000000000000e+02 0.000000000000000000e+00 1.265279414312944084e+02
2.550000000000000000e+02 0.000000000000000000e+00 1.226243501992722287e+02
2.550000000000000000e+02 0.000000000000000000e+00 1.203918514988736774e+02
2.550000000000000000e+02 0.000000000000000000e+00 1.199614884768670890e+02
2.550000000000000000e+02 0.000000000000000000e+00 1.206068272396465062e+02
2.550000000000000000e+02 0.000000000000000000e+00 1.200843657944896847e+02
2.550000000000000000e+02 0.000000000000000000e+00 1.184398717726563888e+02
2.550000000000000000e+02 0.000000000000000000e+00 1.195192990816149745e+02
2.550000000000000000e+02 0.000000000000000000e+00 1.198440261653093017e+02
2.550000000000000000e+02 0.000000000000000000e+00 1.185904306012822786e+02
2.550000000000000000e+02 0.000000000000000000e+00 1.162198492462311492e+02
2.550000000000000000e+02 0.000000000000000000e+00 1.137417691907814969e+02
2.550000000000000000e+02 0.000000000000000000e+00 1.142021313463871053e+02
2.550000000000000000e+02 0.000000000000000000e+00 1.138469502685842940e+02
2.550000000000000000e+02 0.000000000000000000e+00 1.128669208109513136e+02
2.550000000000000000e+02 0.000000000000000000e+00 1.137213004678565227e+02
2.550000000000000000e+02 0.000000000000000000e+00 1.131794966210362219e+02
2.550000000000000000e+02 0.000000000000000000e+00 1.143994758274129282e+02
2.550000000000000000e+02 0.000000000000000000e+00 1.132730246057875547e+02
2.550000000000000000e+02 0.000000000000000000e+00 1.134940218333044584e+02
2.550000000000000000e+02 0.000000000000000000e+00 1.135988996707676364e+02
2.550000000000000000e+02 0.000000000000000000e+00 1.153449792063767063e+02
2.550000000000000000e+02 0.000000000000000000e+00 1.166855614278288016e+02
2.550000000000000000e+02 0.000000000000000000e+00 1.165618393692600989e+02
2.550000000000000000e+02 0.000000000000000000e+00 1.172451481545659391e+02
2.550000000000000000e+02 0.000000000000000000e+00 1.178218463004678540e+02
2.550000000000000000e+02 0.000000000000000000e+00 1.187558482065499845e+02
2.550000000000000000e+02 0.000000000000000000e+00 1.146889837116617628e+02
2.550000000000000000e+02 0.000000000000000000e+00 1.083241639230635940e+02
2.550000000000000000e+02 0.000000000000000000e+00 1.062224484491422629e+02
2.550000000000000000e+02 0.000000000000000000e+00 1.046725437532490020e+02
2.550000000000000000e+02 0.000000000000000000e+00 1.068213481199098993e+02
2.550000000000000000e+02 0.000000000000000000e+00 1.106052893779241089e+02
2.550000000000000000e+02 0.000000000000000000e+00 1.132930601282273386e+02
2.550000000000000000e+02 0.000000000000000000e+00 1.147673713394559059e+02
2.550000000000000000e+02 0.000000000000000000e+00 1.146721971928608497e+02
2.550000000000000000e+02 0.000000000000000000e+00 1.142237913706463388e+02
2.550000000000000000e+02 0.000000000000000000e+00 1.143591665222665057e+02
2.550000000000000000e+02 0.000000000000000000e+00 1.141577932767284693e+02
2.550000000000000000e+02 0.000000000000000000e+00 1.138721625368220458e+02
2.550000000000000000e+02 0.000000000000000000e+00 1.155172846993588678e+02
2.550000000000000000e+02 0.000000000000000000e+00 1.182210188875411490e+02
2.550000000000000000e+02 0.000000000000000000e+00 1.213627837463178025e+02
2.550000000000000000e+02 0.000000000000000000e+00 1.216543060128227296e+02
2.550000000000000000e+02 0.000000000000000000e+00 1.221242202391266716e+02
2.550000000000000000e+02 0.000000000000000000e+00 1.219921807312424136e+02
2.550000000000000000e+02 0.000000000000000000e+00 1.222642089759140589e+02
2.550000000000000000e+02 0.000000000000000000e+00 1.236419164789464560e+02
2.550000000000000000e+02 0.000000000000000000e+00 1.227906125454860558e+02
2.550000000000000000e+02 0.000000000000000000e+00 1.234333737653786187e+02
2.550000000000000000e+02 0.000000000000000000e+00 1.246639880436666061e+02
2.550000000000000000e+02 0.000000000000000000e+00 1.254140530237393847e+02
2.550000000000000000e+02 0.000000000000000000e+00 1.256593094784266214e+02
2.550000000000000000e+02 0.000000000000000000e+00 1.248416435626407832e+02
2.550000000000000000e+02 0.000000000000000000e+00 1.197244628313983696e+02
2.550000000000000000e+02 0.000000000000000000e+00 1.168671590712181541e+02
2.550000000000000000e+02 0.000000000000000000e+00 1.147251776121989195e+02
2.550000000000000000e+02 0.000000000000000000e+00 1.127344697626061389e+02
2.550000000000000000e+02 0.000000000000000000e+00 1.157043190088372882e+02
2.550000000000000000e+02 0.000000000000000000e+00 1.171395771963264565e+02
2.550000000000000000e+02 0.000000000000000000e+00 1.195128010743372045e+02
2.550000000000000000e+02 0.000000000000000000e+00 1.213108646681684348e+02
2.550000000000000000e+02 0.000000000000000000e+00 1.222384118870213143e+02
2.550000000000000000e+02 0.000000000000000000e+00 1.219395468722924960e+02
2.550000000000000000e+02 0.000000000000000000e+00 1.220292193727256915e+02
2.550000000000000000e+02 0.000000000000000000e+00 1.209611635765032105e+02
2.550000000000000000e+02 0.000000000000000000e+00 1.221251516201698166e+02
2.550000000000000000e+02 0.000000000000000000e+00 1.224193597296828955e+02
2.550000000000000000e+02 0.000000000000000000e+00 1.244243415352625135e+02
2.550000000000000000e+02 0.000000000000000000e+00 1.249348683070524970e+02
2.550000000000000000e+02 0.000000000000000000e+00 1.264212874718419641e+02
2.550000000000000000e+02 0.000000000000000000e+00 1.281492375671460877e+02
2.550000000000000000e+02 0.000000000000000000e+00 1.289371426095997322e+02
2.550000000000000000e+02 0.000000000000000000e+00 1.293238823427482203e+02
2.550000000000000000e+02 0.000000000000000000e+00 1.309613585167215319e+02
2.550000000000000000e+02 0.000000000000000000e+00 1.288636718073124143e+02
2.550000000000000000e+02 0.000000000000000000e+00 1.291423929994801654e+02
2.550000000000000000e+02 0.000000000000000000e+00 1.294764122335816978e+02
2.550000000000000000e+02 0.000000000000000000e+00 1.311893086120256555e+02
2.550000000000000000e+02 0.000000000000000000e+00 1.311572734361462551e+02
2.550000000000000000e+02 0.000000000000000000e+00 1.253864364928088690e+02
