2.516585529969667334e+02 0.000000000000000000e+00 6.157466783440850833e+01
2.519279756055880739e+02 0.000000000000000000e+00 2.556007818174050428e+01
2.519116984235485006e+02 0.000000000000000000e+00 2.256040927927542938e+01
2.517556553595078412e+02 0.000000000000000000e+00 2.175752445849532180e+01
2.515320149955141744e+02 0.000000000000000000e+00 2.136378540607510601e+01
2.514438789678301305e+02 1.137480240953560881e-03 2.096103729653522407e+01
2.514635098474815322e+02 0.000000000000000000e+00 2.144079762464220096e+01
2.514846520271713644e+02 0.000000000000000000e+00 2.098993890716452171e+01
2.514702172427051607e+02 0.000000000000000000e+00 2.018649869697099319e+01
2.514780995001495398e+02 0.000000000000000000e+00 1.956335711539283295e+01
2.514896665527406299e+02 0.000000000000000000e+00 2.022810484043234780e+01
2.514844704575554317e+02 0.000000000000000000e+00 2.016526573247319121e+01
2.514902806852651054e+02 0.000000000000000000e+00 2.111443158029649325e+01
2.514712479172897019e+02 0.000000000000000000e+00 1.998751441876361667e+01
2.514519160934763136e+02 0.000000000000000000e+00 1.977935553466911500e+01
2.514128626052035713e+02 0.000000000000000000e+00 1.910904857521254385e+01
2.514293266971418745e+02 0.000000000000000000e+00 1.876721173153330113e+01
2.514303680522920388e+02 0.000000000000000000e+00 1.911277075233904554e+01
2.514321463664715566e+02 0.000000000000000000e+00 1.921117614388857930e+01
2.514377803648481233e+02 0.000000000000000000e+00 1.906922074593070349e+01
2.514492833340453615e+02 0.000000000000000000e+00 1.879561135557739249e+01
2.514448402187379941e+02 0.000000000000000000e+00 1.852823407527662525e+01
2.514496197718631265e+02 0.000000000000000000e+00 1.950575148459862262e+01
2.514633870209766258e+02 0.000000000000000000e+00 1.850411201777246006e+01
2.514607115392831247e+02 0.000000000000000000e+00 1.863248707651557368e+01
2.514600279830819716e+02 1.062716281454265718e-03 1.880408104413209713e+01
2.514798030503695543e+02 0.000000000000000000e+00 1.910385782031016433e+01
2.514792423206733076e+02 0.000000000000000000e+00 1.873920728841799388e+01
2.514768605545349658e+02 0.000000000000000000e+00 1.801828512838039842e+01
2.514770474644337241e+02 0.000000000000000000e+00 1.708338317597300104e+01
2.514858268893920581e+02 0.000000000000000000e+00 1.799531657196565249e+01
2.514807429401461150e+02 0.000000000000000000e+00 1.853638334686204914e+01
2.514628156107147561e+02 0.000000000000000000e+00 1.826648545306959548e+01
2.514564126116119098e+02 1.116119109668047915e-03 1.836398833682231668e+01
2.514618223181099665e+02 0.000000000000000000e+00 1.910787905327466163e+01
2.514477720340069311e+02 0.000000000000000000e+00 1.782805891400008491e+01
2.514218716623232410e+02 0.000000000000000000e+00 1.804132310847182552e+01
2.513892211731533166e+02 0.000000000000000000e+00 1.672444674669970510e+01
2.513987856196864072e+02 0.000000000000000000e+00 1.753881851582859852e+01
2.513895736318195304e+02 0.000000000000000000e+00 1.811737941641389327e+01
2.513671177425556493e+02 0.000000000000000000e+00 1.689382983722817855e+01
2.513648801640534884e+02 0.000000000000000000e+00 1.714008629897039171e+01
2.513515775195454296e+02 0.000000000000000000e+00 1.681759729995300390e+01
2.513578897338402953e+02 0.000000000000000000e+00 1.707420857008587234e+01
2.513528164651600036e+02 1.287008159952150992e-03 1.740756504464476606e+01
2.513593102490708020e+02 0.000000000000000000e+00 1.619181761866108360e+01
2.513485282180544402e+02 0.000000000000000000e+00 1.610626628786260639e+01
2.513567202119024273e+02 0.000000000000000000e+00 1.747480988593155971e+01
2.513509794078694313e+02 0.000000000000000000e+00 1.632569850899303532e+01
2.513544612722689919e+02 0.000000000000000000e+00 1.668025056606997936e+01
2.513560740376810259e+02 0.000000000000000000e+00 1.685645853804417627e+01
2.513611633272098231e+02 0.000000000000000000e+00 1.666663818515828765e+01
2.513641538855897863e+02 0.000000000000000000e+00 1.680793138804630971e+01
2.513622046823599874e+02 0.000000000000000000e+00 1.609754560601529505e+01
2.513820598538898707e+02 0.000000000000000000e+00 1.717073952236510337e+01
2.513837901055239854e+02 9.826120391335925290e-04 1.767022685521425274e+01
2.513909888067672114e+02 0.000000000000000000e+00 1.617683812534711763e+01
2.513725488101849805e+02 0.000000000000000000e+00 1.619914448669201690e+01
2.513722711154782701e+02 0.000000000000000000e+00 1.684951083009356054e+01
2.513683566881701950e+02 0.000000000000000000e+00 1.634996475413337791e+01
2.511829794505917164e+02 0.000000000000000000e+00 1.663158456871876112e+01
2.512031977613534366e+02 0.000000000000000000e+00 1.679888494894689543e+01
2.512142574870765088e+02 0.000000000000000000e+00 1.666939911137693997e+01
2.512217338830264453e+02 0.000000000000000000e+00 1.669606314350408027e+01
2.512359603964625876e+02 0.000000000000000000e+00 1.709095569701371531e+01
2.512327081642243911e+02 0.000000000000000000e+00 1.676942260862135115e+01
2.512414929294655508e+02 0.000000000000000000e+00 1.710424232067330408e+01
2.512475594907506320e+02 0.000000000000000000e+00 1.679265817917717030e+01
2.512455195027128525e+02 0.000000000000000000e+00 1.652672811552099930e+01
2.512487610543854544e+02 0.000000000000000000e+00 1.734268060836501846e+01
2.512503204169692879e+02 0.000000000000000000e+00 1.699127397786986648e+01
2.512461710172170797e+02 0.000000000000000000e+00 1.569108065963173360e+01
2.512409321997693041e+02 0.000000000000000000e+00 1.622620369974793775e+01
2.512355545349681734e+02 0.000000000000000000e+00 1.617734011193232746e+01
2.512342888879394991e+02 0.000000000000000000e+00 1.617080894604178098e+01
2.512463152048532606e+02 0.000000000000000000e+00 1.687223373349852551e+01
2.512508811466655345e+02 0.000000000000000000e+00 1.683598389370700943e+01
2.512614655872174865e+02 0.000000000000000000e+00 1.617204789165634082e+01
2.512835423164010820e+02 0.000000000000000000e+00 1.684381274832315256e+01
2.512881990430213079e+02 0.000000000000000000e+00 1.668908873413936078e+01
2.513172127995898677e+02 0.000000000000000000e+00 1.701097962148075382e+01
2.513258693980433236e+02 0.000000000000000000e+00 1.804585700858717345e+01
2.513301950271286387e+02 0.000000000000000000e+00 1.793069380954415237e+01
2.513371213739479515e+02 0.000000000000000000e+00 1.733305207843807239e+01
2.513353857820310111e+02 0.000000000000000000e+00 1.702176165249711559e+01
2.513409663775793490e+02 0.000000000000000000e+00 1.804357136753962365e+01
2.513475242448839992e+02 0.000000000000000000e+00 1.765042508651258046e+01
2.513597428119793165e+02 0.000000000000000000e+00 1.751338274875037371e+01
2.513851945999060149e+02 0.000000000000000000e+00 1.754189985901653515e+01
2.513812374503353624e+02 0.000000000000000000e+00 1.715347438800358759e+01
2.514047667364463621e+02 0.000000000000000000e+00 1.867526808219763268e+01
2.514058294527278292e+02 0.000000000000000000e+00 1.742925727346520404e+01
2.514316230187550616e+02 0.000000000000000000e+00 1.735655466313496120e+01
2.514381915666253633e+02 0.000000000000000000e+00 1.742676336138761783e+01
2.514773785619686350e+02 0.000000000000000000e+00 1.815485752125432484e+01
2.514975060879224031e+02 0.000000000000000000e+00 1.773559725723074365e+01
2.515091692656042994e+02 0.000000000000000000e+00 1.903520314435852612e+01
2.515292754304267930e+02 0.000000000000000000e+00 1.774024330328534305e+01
2.515339001153501215e+02 0.000000000000000000e+00 1.799178130473789849e+01
2.515499316443798818e+02 0.000000000000000000e+00 1.639153885589781012e+01
2.515656160550262825e+02 0.000000000000000000e+00 1.784036826590336133e+01
2.515951584995941346e+02 0.000000000000000000e+00 1.864309287819882854e+01
2.516013265262528193e+02 0.000000000000000000e+00 1.684184218396206134e+01
2.516214540522066159e+02 0.000000000000000000e+00 1.817225082240355505e+01
2.516254592643226431e+02 0.000000000000000000e+00 1.917611184688341197e+01
2.516281561071474471e+02 0.000000000000000000e+00 1.852954778485068488e+01
2.516263297304225262e+02 0.000000000000000000e+00 1.841361024479856567e+01
2.516183032853419945e+02 0.000000000000000000e+00 1.872054299995727789e+01
2.515963707437945800e+02 0.000000000000000000e+00 1.792555111718716532e+01
2.515587644721664446e+02 0.000000000000000000e+00 1.727877344384158675e+01
2.515240526338274947e+02 0.000000000000000000e+00 1.775268616225915252e+01
2.515065685478703017e+02 0.000000000000000000e+00 1.852744905370188278e+01
2.514660945443670812e+02 0.000000000000000000e+00 1.798076430127739656e+01
2.514461218866151171e+02 0.000000000000000000e+00 1.812536847951467678e+01
2.514432274533259317e+02 0.000000000000000000e+00 1.891608813602768535e+01
2.514196714658008318e+02 0.000000000000000000e+00 1.864623830478062061e+01
2.513999551416243037e+02 0.000000000000000000e+00 1.794438095441534742e+01
2.513538471397445164e+02 0.000000000000000000e+00 1.772162707737001597e+01
2.513243367368735903e+02 0.000000000000000000e+00 1.900818131328234983e+01
2.512976299824838691e+02 0.000000000000000000e+00 1.789161896014012854e+01
2.510877141453411241e+02 2.670141410689110236e-05 1.770572371512795229e+01
2.511150296919724951e+02 0.000000000000000000e+00 1.840270538727731164e+01
2.511245834579399343e+02 0.000000000000000000e+00 1.824759153244755794e+01
2.511390876660827871e+02 0.000000000000000000e+00 1.897403020463963941e+01
2.511481180843337597e+02 0.000000000000000000e+00 1.901155637202546345e+01
2.511459392489426250e+02 0.000000000000000000e+00 1.863847353355833647e+01
2.511374428589737988e+02 1.110778826846669891e-03 1.910544388430811225e+01
2.511399047293544697e+02 0.000000000000000000e+00 1.872384863502371033e+01
2.511356698850771068e+02 1.068056564275643959e-03 1.849289208356474390e+01
2.511360597257230722e+02 0.000000000000000000e+00 1.798145853804417627e+01
2.511500993292604846e+02 0.000000000000000000e+00 1.826405028410304610e+01
2.511585423164010820e+02 0.000000000000000000e+00 1.821717328149698645e+01
2.511630815567992556e+02 0.000000000000000000e+00 1.827461336352373067e+01
2.511606303669842362e+02 0.000000000000000000e+00 1.937447665228350502e+01
2.511440487888238522e+02 0.000000000000000000e+00 1.761345964882300308e+01
2.511329410005553768e+02 0.000000000000000000e+00 1.779536570256760797e+01
2.511307675054470963e+02 0.000000000000000000e+00 1.784967103857820447e+01
2.511394881872944040e+02 0.000000000000000000e+00 1.781304737898919299e+01
2.511284978852480094e+02 0.000000000000000000e+00 1.757444354253001251e+01
2.511278890930063596e+02 0.000000000000000000e+00 1.815416862477036730e+01
2.511308956722348000e+02 0.000000000000000000e+00 1.767754304267954168e+01
2.511256728756355017e+02 0.000000000000000000e+00 1.822752274960481955e+01
2.511259238689281119e+02 0.000000000000000000e+00 1.743744926731319822e+01
2.511258117229888569e+02 0.000000000000000000e+00 1.701701948135173126e+01
2.511249732985858998e+02 0.000000000000000000e+00 1.699697739992310019e+01
2.511124182936728459e+02 0.000000000000000000e+00 1.635057888665783565e+01
2.511072756013158482e+02 0.000000000000000000e+00 1.664551202631691496e+01
2.511042903832186823e+02 0.000000000000000000e+00 1.675022429187849937e+01
2.511048991754603321e+02 0.000000000000000000e+00 1.733972209168197409e+01
2.511021863117870794e+02 0.000000000000000000e+00 1.683015764514888701e+01
2.510929850044858256e+02 0.000000000000000000e+00 1.750279830819840043e+01
2.510675866193873560e+02 0.000000000000000000e+00 1.730670312299739422e+01
2.510238603836459106e+02 0.000000000000000000e+00 1.723003802281368735e+01
2.510012816678771230e+02 0.000000000000000000e+00 1.722830243089673985e+01
2.509836053317383744e+02 0.000000000000000000e+00 1.632216858204810350e+01
2.509145608151407600e+02 0.000000000000000000e+00 1.721143781774682679e+01
2.508167855769641506e+02 0.000000000000000000e+00 1.735980155509035683e+01
2.507350525483829529e+02 0.000000000000000000e+00 1.697500213611312958e+01
2.506631296193446303e+02 0.000000000000000000e+00 1.761779595847396251e+01
2.506327487503738212e+02 0.000000000000000000e+00 1.656461208185585576e+01
2.504839524501217625e+02 0.000000000000000000e+00 1.652085380441748086e+01
2.504572189943179410e+02 0.000000000000000000e+00 1.656016362626564842e+01
2.504325842696629252e+02 0.000000000000000000e+00 1.655830520784380866e+01
2.504324080403298183e+02 0.000000000000000000e+00 1.643765219806040889e+01
2.504270517366599620e+02 0.000000000000000000e+00 1.714442260862135115e+01
2.504323866791985438e+02 0.000000000000000000e+00 1.704675951638398601e+01
2.504407388815311606e+02 0.000000000000000000e+00 1.719197782714572398e+01
2.504705002776946969e+02 0.000000000000000000e+00 1.706470820694664070e+01
2.504720863416926591e+02 0.000000000000000000e+00 1.707805357371726274e+01
2.505162932028880221e+02 0.000000000000000000e+00 1.725908382107916594e+01
2.505572585124108116e+02 0.000000000000000000e+00 1.758384778057845921e+01
2.506140737813474573e+02 0.000000000000000000e+00 1.687768082197633035e+01
2.506972166445935102e+02 0.000000000000000000e+00 1.679077305934122322e+01
2.507931815268936759e+02 0.000000000000000000e+00 1.764788845217242752e+01
2.508612434314521238e+02 0.000000000000000000e+00 1.759570854872474044e+01
2.509991348741829427e+02 0.000000000000000000e+00 1.732989063100781735e+01
2.511856976545477949e+02 0.000000000000000000e+00 1.780740270004699610e+01
2.512495353953945312e+02 0.000000000000000000e+00 1.833333511342760858e+01
2.514054769940616154e+02 1.270987311488016485e-03 1.803353697611825623e+01
2.514677286709104180e+02 0.000000000000000000e+00 1.753980112786773304e+01
2.517968930234545155e+02 0.000000000000000000e+00 1.637805464177382930e+01
2.517886476267783280e+02 1.014653736061861815e-04 1.696835348400051302e+01
2.517929198530354142e+02 0.000000000000000000e+00 1.698331161618319385e+01
2.517983829623616998e+02 0.000000000000000000e+00 1.746637757935660318e+01
2.517793875763660481e+02 0.000000000000000000e+00 1.686737407613107109e+01
2.517751954543512625e+02 0.000000000000000000e+00 1.540743687785705163e+01
2.517557354637501703e+02 0.000000000000000000e+00 1.523922330926645863e+01
2.517397786986798849e+02 0.000000000000000000e+00 1.585485111291493965e+01
2.517159236553167716e+02 0.000000000000000000e+00 1.583560473362669363e+01
2.516778848207801218e+02 0.000000000000000000e+00 1.662332849147690794e+01
2.516434346562994051e+02 0.000000000000000000e+00 1.554691438458580777e+01
2.516036709104114095e+02 0.000000000000000000e+00 1.579854851112914993e+01
2.515778559832528742e+02 0.000000000000000000e+00 1.489178450890759109e+01
2.515322286068270046e+02 0.000000000000000000e+00 1.507432605630794242e+01
2.515168005297560683e+02 0.000000000000000000e+00 1.472711688811039465e+01
2.514994446105865791e+02 0.000000000000000000e+00 1.436865574400820300e+01
2.514782063058059691e+02 0.000000000000000000e+00 1.428204169692826930e+01
2.514137757935660318e+02 0.000000000000000000e+00 1.570859144700303389e+01
2.513589364292732853e+02 0.000000000000000000e+00 1.455427863459648741e+01
2.513159738539752937e+02 0.000000000000000000e+00 1.426757487076515574e+01
2.512725039518092842e+02 0.000000000000000000e+00 1.391561285085658106e+01
2.512412259153244634e+02 0.000000000000000000e+00 1.433495855940530639e+01
2.512050828811893837e+02 0.000000000000000000e+00 1.464765882001110775e+01
2.511809608236852114e+02 0.000000000000000000e+00 1.460046674071858774e+01
2.511624567437091571e+02 0.000000000000000000e+00 1.431060152945699926e+01
2.510940049985047153e+02 0.000000000000000000e+00 1.511203379330969376e+01
2.510506846242577126e+02 0.000000000000000000e+00 1.442108130046567283e+01
2.510326131071901443e+02 0.000000000000000000e+00 1.395865019011406893e+01
2.509972711154782701e+02 0.000000000000000000e+00 1.381235314222241151e+01
2.509720169180159814e+02 0.000000000000000000e+00 1.387918144144913946e+01
2.509523166146879021e+02 0.000000000000000000e+00 1.410770282394155650e+01
2.508952076301960972e+02 0.000000000000000000e+00 1.414364292732943085e+01
2.508683620284530207e+02 0.000000000000000000e+00 1.517380484470457525e+01
2.508272098090314728e+02 0.000000000000000000e+00 1.429024971162472823e+01
2.508163316529243332e+02 1.062716281454265718e-03 1.453643140940744161e+01
2.508269107531934878e+02 0.000000000000000000e+00 1.420469838082624925e+01
2.508188896483957819e+02 0.000000000000000000e+00 1.386051181270560129e+01
2.507680020933908622e+02 0.000000000000000000e+00 1.492894219677874190e+01
2.507579944033836057e+02 0.000000000000000000e+00 1.462296535224505512e+01
2.507279766736446334e+02 4.272226257102576243e-05 1.345987311488016402e+01
2.507041269705643742e+02 5.340282821378220303e-06 1.455851347887384151e+01
2.507290554107745493e+02 0.000000000000000000e+00 1.372681783227239727e+01
2.507333062759003610e+02 0.000000000000000000e+00 1.503678920835647403e+01
2.507343583116161767e+02 0.000000000000000000e+00 1.459762571025761524e+01
2.507446116546332178e+02 0.000000000000000000e+00 1.383680095697868140e+01
2.507815290297774311e+02 0.000000000000000000e+00 1.439368030930918074e+01
2.508158937497329930e+02 0.000000000000000000e+00 1.550652048532490213e+01
2.508342055795274916e+02 0.000000000000000000e+00 1.476770837783569057e+01
2.508572809415986740e+02 0.000000000000000000e+00 1.453357969838082653e+01
2.509139894048788904e+02 0.000000000000000000e+00 1.522910347331994707e+01
2.509794879736830922e+02 0.000000000000000000e+00 1.414138398769598837e+01
2.510143707010723233e+02 0.000000000000000000e+00 1.484471525611996334e+01
2.511445454351262470e+02 0.000000000000000000e+00 1.425513735207416666e+01
2.511953528858888376e+02 0.000000000000000000e+00 1.525778613235356929e+01
2.512208901183406624e+02 0.000000000000000000e+00 1.453171059939334420e+01
2.513132716708676924e+02 0.000000000000000000e+00 1.384952685094202529e+01
2.513335754261545674e+02 0.000000000000000000e+00 1.416718289400606601e+01
2.513570940316999156e+02 0.000000000000000000e+00 1.494898961849019514e+01
2.513696864185927211e+02 0.000000000000000000e+00 1.480715704703721158e+01
2.513571207331140158e+02 0.000000000000000000e+00 1.483962062630836876e+01
2.513636412184389144e+02 1.602084846413465938e-04 1.388980860426368125e+01
2.513788396633485718e+02 0.000000000000000000e+00 1.425446447643867209e+01
2.513777822873499304e+02 0.000000000000000000e+00 1.438169671465800903e+01
2.513809650959114776e+02 0.000000000000000000e+00 1.365426474986115224e+01
2.513851732387747120e+02 0.000000000000000000e+00 1.385598325287307198e+01
2.513828715768786992e+02 0.000000000000000000e+00 1.426413572862818846e+01
2.513769225018156988e+02 0.000000000000000000e+00 1.427720340069210003e+01
2.513813335754261686e+02 0.000000000000000000e+00 1.511527534498227077e+01
2.513795018584184220e+02 0.000000000000000000e+00 1.401640000854445312e+01
2.513694888281283397e+02 0.000000000000000000e+00 1.404679155808091551e+01
2.513635557739137880e+02 0.000000000000000000e+00 1.359768979365147246e+01
2.513588937070107363e+02 0.000000000000000000e+00 1.382790938608108711e+01
2.513493773230230204e+02 0.000000000000000000e+00 1.464198743965480354e+01
2.513458153543811591e+02 0.000000000000000000e+00 1.408228307771179644e+01
2.513345206562139538e+02 0.000000000000000000e+00 1.430018263767249032e+01
2.513331962660742533e+02 0.000000000000000000e+00 1.402009014397402531e+01
2.513170258896911093e+02 0.000000000000000000e+00 1.458191459819711966e+01
2.513205237749391188e+02 0.000000000000000000e+00 1.344960909129747506e+01
2.513074721237236702e+02 0.000000000000000000e+00 1.422461763574998983e+01
2.513042786345964998e+02 0.000000000000000000e+00 1.411082154910924125e+01
2.513036057589609982e+02 0.000000000000000000e+00 1.295949395479984645e+01
2.512865649164779711e+02 0.000000000000000000e+00 1.336058123638227890e+01
2.512750886486948332e+02 0.000000000000000000e+00 1.417420536591617974e+01
2.512621384628529881e+02 0.000000000000000000e+00 1.381700452855983308e+01
2.512724185072841578e+02 0.000000000000000000e+00 1.358642179689836382e+01
2.512719058401332859e+02 0.000000000000000000e+00 1.437292797026530522e+01
2.512747041483316934e+02 0.000000000000000000e+00 1.438945614559747099e+01
2.512815450506258799e+02 0.000000000000000000e+00 1.340501238945614482e+01
2.512925193318238257e+02 1.190883069167343079e-03 1.383955120263169114e+01
2.513067244841286936e+02 0.000000000000000000e+00 1.402761994275216750e+01
2.513197974964754167e+02 0.000000000000000000e+00 1.429321890887341340e+01
2.513402774810953986e+02 0.000000000000000000e+00 1.517246977399923047e+01
2.513326835989234098e+02 0.000000000000000000e+00 1.490973853975306618e+01
2.513573610458409746e+02 0.000000000000000000e+00 1.508930020933908622e+01
2.513688746956038926e+02 0.000000000000000000e+00 1.468490195240739915e+01
2.513624663562182207e+02 0.000000000000000000e+00 1.458386380142692396e+01
2.514430085017302474e+02 0.000000000000000000e+00 1.427379630025206048e+01
2.514390833938565493e+02 0.000000000000000000e+00 1.395322980305036964e+01
2.514527812192933709e+02 1.602084846413466006e-05 1.462444995086939770e+01
2.514376201563634936e+02 0.000000000000000000e+00 1.499141816550604567e+01
2.514291184261118417e+02 0.000000000000000000e+00 1.420153159311317204e+01
2.514053541675567089e+02 0.000000000000000000e+00 1.342925193318238186e+01
2.514035972145084941e+02 0.000000000000000000e+00 1.434843209296364286e+01
2.513959125475285248e+02 0.000000000000000000e+00 1.466099350621608899e+01
2.513920782244627787e+02 0.000000000000000000e+00 1.452484299568505222e+01
2.513887992908104536e+02 0.000000000000000000e+00 1.349174392275814860e+01
2.513902678685863066e+02 0.000000000000000000e+00 1.389513820651941778e+01
2.513876030674584570e+02 0.000000000000000000e+00 1.380429465544495216e+01
2.513880836929123745e+02 0.000000000000000000e+00 1.348325821335497920e+01
2.513985239458281740e+02 0.000000000000000000e+00 1.470024458495321973e+01
2.513918752937155432e+02 0.000000000000000000e+00 1.422398214209424516e+01
2.513887031657196474e+02 0.000000000000000000e+00 1.433413615585081402e+01
2.513981020634852825e+02 0.000000000000000000e+00 1.351766031529029810e+01
2.514043395138206449e+02 0.000000000000000000e+00 1.398354658862733402e+01
2.514000939889776589e+02 7.476395949929508255e-05 1.467120946725338548e+01
2.513964839577903945e+02 0.000000000000000000e+00 1.400074763959499258e+01
2.513966388259922269e+02 0.000000000000000000e+00 1.352481095398812272e+01
2.513845751270987421e+02 0.000000000000000000e+00 1.395107232879053250e+01
2.513749145554748452e+02 0.000000000000000000e+00 1.377637031657196509e+01
2.513455697013713745e+02 0.000000000000000000e+00 1.369104861793480588e+01
2.510414619558251843e+02 0.000000000000000000e+00 1.471921326953475528e+01
2.510308668347075525e+02 0.000000000000000000e+00 1.472668432520186244e+01
2.510407463579271052e+02 0.000000000000000000e+00 1.414123445977699056e+01
2.510402977741701136e+02 0.000000000000000000e+00 1.405538407314051419e+01
2.510339535181783219e+02 0.000000000000000000e+00 1.442370337933096991e+01
2.510241327380697953e+02 0.000000000000000000e+00 1.358880356303669856e+01
2.510194439697526434e+02 0.000000000000000000e+00 1.380606762934164955e+01
2.510226374588798137e+02 0.000000000000000000e+00 1.404707459307044815e+01
2.510276573247319050e+02 0.000000000000000000e+00 1.453049835519289168e+01
2.510090731405135216e+02 0.000000000000000000e+00 1.446427350792497890e+01
2.510113107190156825e+02 0.000000000000000000e+00 1.385672555218524415e+01
2.510029852180971375e+02 0.000000000000000000e+00 1.385751057375998663e+01
2.510075297987781369e+02 0.000000000000000000e+00 1.405334942538556930e+01
2.510016661682402628e+02 0.000000000000000000e+00 1.435367625069423703e+01
2.510093081129576547e+02 0.000000000000000000e+00 1.412289058828555532e+01
2.510105577391378517e+02 0.000000000000000000e+00 1.389867881402999039e+01
2.510173986414320382e+02 0.000000000000000000e+00 1.388700495578245864e+01
2.510088328277865628e+02 0.000000000000000000e+00 1.349973832614175251e+01
2.509974847267911287e+02 0.000000000000000000e+00 1.283761802025035159e+01
2.509941256888964745e+02 0.000000000000000000e+00 1.330047635322766730e+01
2.509977677617806648e+02 0.000000000000000000e+00 1.374314307685735059e+01
2.509825853377194846e+02 0.000000000000000000e+00 1.323938885803392118e+01
2.509782864100482698e+02 1.815696159268594785e-04 1.289002221557653627e+01
2.509654857521254314e+02 1.228265048916990661e-04 1.296287969410860086e+01
2.509634083821079287e+02 0.000000000000000000e+00 1.264972016918015996e+01
2.509483381039859751e+02 0.000000000000000000e+00 1.223549045157431614e+01
2.509317511855427938e+02 0.000000000000000000e+00 1.285844512325372690e+01
2.509395159567650637e+02 0.000000000000000000e+00 1.290253449822702692e+01
2.509554139787243230e+02 0.000000000000000000e+00 1.230442282223266481e+01
2.509480604092792646e+02 2.136113128551288121e-05 1.215080424659289982e+01
2.509433769812449384e+02 2.670141410689110236e-05 1.280204105609433007e+01
2.509302078438074091e+02 1.602084846413466006e-05 1.200873670269577431e+01
2.509250598111675856e+02 9.398897765625667056e-04 1.300997564831033415e+01
2.509198316742854615e+02 0.000000000000000000e+00 1.260518755073268693e+01
2.509230839065236864e+02 0.000000000000000000e+00 1.299519908574358062e+01
2.509245311231682933e+02 0.000000000000000000e+00 1.290042508651258224e+01
2.509105662835903843e+02 0.000000000000000000e+00 1.253568376981244903e+01
2.509137544324347289e+02 0.000000000000000000e+00 1.204873542102789763e+01
2.509011086427137229e+02 0.000000000000000000e+00 1.272150959114794766e+01
2.508950794634083934e+02 0.000000000000000000e+00 1.239552270688255575e+01
2.508831546118682354e+02 0.000000000000000000e+00 1.202122762421497804e+01
2.508803509633870306e+02 0.000000000000000000e+00 1.197369376682189035e+01
2.508846979536036201e+02 0.000000000000000000e+00 1.249132204041526073e+01
2.508703325928141226e+02 0.000000000000000000e+00 1.217027491775964521e+01
2.508772001965224092e+02 0.000000000000000000e+00 1.265233690776263487e+01
2.508742683812534722e+02 0.000000000000000000e+00 1.248730080745076343e+01
2.508766287862605111e+02 0.000000000000000000e+00 1.219159332678258600e+01
2.508633688640150297e+02 0.000000000000000000e+00 1.269669863715982316e+01
2.508639776562566794e+02 0.000000000000000000e+00 1.191921220147819049e+01
2.508202727816465085e+02 0.000000000000000000e+00 1.204139253214850314e+01
2.508019395907207354e+02 0.000000000000000000e+00 1.168937176912889342e+01
2.508169618062972575e+02 0.000000000000000000e+00 1.206383774084675586e+01
2.508190071346178627e+02 0.000000000000000000e+00 1.159498227026103301e+01
2.508121555517580248e+02 0.000000000000000000e+00 1.204364613149912344e+01
2.508113171273550677e+02 0.000000000000000000e+00 1.118326248558123659e+01
2.508014429444183406e+02 0.000000000000000000e+00 1.142858439782970947e+01
2.508029649250224224e+02 0.000000000000000000e+00 1.136288823856111385e+01
2.507905647883112010e+02 0.000000000000000000e+00 1.127288311188960535e+01
2.507750993292604846e+02 0.000000000000000000e+00 1.086890673730080792e+01
2.507786078950741171e+02 2.082710300337505774e-04 1.173887085060024837e+01
2.503420504549920906e+02 0.000000000000000000e+00 1.099308433374631555e+01
2.503615264664416600e+02 2.563335754261545610e-04 1.121605182210449847e+01
2.503825938821719888e+02 0.000000000000000000e+00 1.151261374802409598e+01
2.503922277523817570e+02 0.000000000000000000e+00 1.085517687016704436e+01
2.503819637287990645e+02 0.000000000000000000e+00 1.133531635835433882e+01
2.503790158926816787e+02 0.000000000000000000e+00 1.129112017772461307e+01
2.503692378348357295e+02 0.000000000000000000e+00 1.125927073097791187e+01
2.503566080659631723e+02 0.000000000000000000e+00 1.124375186909898794e+01
2.503577188447900141e+02 0.000000000000000000e+00 1.118190071346178449e+01
2.503540287093604491e+02 0.000000000000000000e+00 1.109499829110949776e+01
2.503562876489938844e+02 0.000000000000000000e+00 1.102374823770666978e+01
2.503550273422480359e+02 0.000000000000000000e+00 1.115060131584568737e+01
2.503456925278762810e+02 6.942367667791686818e-05 1.154777951040287043e+01
2.503398555987525071e+02 0.000000000000000000e+00 1.133563143504079918e+01
2.503206946639893999e+02 0.000000000000000000e+00 1.059158585038663603e+01
2.503105588071944396e+02 0.000000000000000000e+00 1.116600269150254121e+01
2.502973309266458841e+02 0.000000000000000000e+00 1.034788738411586273e+01
2.502633133250736819e+02 0.000000000000000000e+00 1.112235656000341777e+01
2.502479813730935234e+02 0.000000000000000000e+00 1.102494446105865755e+01
2.502260434912632832e+02 0.000000000000000000e+00 1.173198188576066947e+01
2.502101134276071264e+02 0.000000000000000000e+00 1.133990900158072357e+01
2.501691908403469142e+02 0.000000000000000000e+00 1.073362135258683381e+01
2.501240921519203653e+02 0.000000000000000000e+00 9.803547015849959578e+00
2.500680939462554022e+02 0.000000000000000000e+00 1.063510915538086898e+01
2.499944888281283397e+02 0.000000000000000000e+00 1.070285064297005206e+01
2.499727752381766095e+02 0.000000000000000000e+00 1.051378861024479860e+01
2.499139306617678358e+02 0.000000000000000000e+00 1.048334899816294197e+01
2.498638868714486989e+02 0.000000000000000000e+00 1.099748472679113043e+01
2.498029168624770477e+02 0.000000000000000000e+00 1.080481800316144714e+01
2.497753610031187179e+02 0.000000000000000000e+00 1.061493890716452348e+01
2.497759858162088165e+02 0.000000000000000000e+00 1.064395800401589298e+01
2.497631531165890522e+02 0.000000000000000000e+00 1.071256995770496090e+01
2.496949737258085236e+02 0.000000000000000000e+00 1.070149421113342214e+01
2.496589428376126705e+02 0.000000000000000000e+00 1.068843721963515137e+01
2.496332720980903161e+02 0.000000000000000000e+00 1.071846562993976093e+01
2.496117721194514445e+02 0.000000000000000000e+00 1.110045071987012477e+01
2.495740537018840541e+02 0.000000000000000000e+00 1.167218139872687743e+01
2.494832315119408861e+02 0.000000000000000000e+00 1.122726107574657206e+01
2.492863619857307640e+02 0.000000000000000000e+00 1.067988208655530435e+01
2.491992673131969127e+02 0.000000000000000000e+00 1.015853163583543406e+01
2.489321730678856852e+02 0.000000000000000000e+00 9.899933780493014979e+00
2.487104124834451113e+02 0.000000000000000000e+00 1.037681035587644729e+01
2.486499925236040554e+02 0.000000000000000000e+00 9.833885162558209103e+00
2.485665773059341177e+02 0.000000000000000000e+00 1.068144678942196713e+01
2.485270271713590091e+02 0.000000000000000000e+00 8.821650574614430695e+00
2.484934848549579272e+02 0.000000000000000000e+00 1.057059853889862033e+01
2.485106645447942810e+02 0.000000000000000000e+00 1.033534305976844614e+01
2.484940936471995485e+02 0.000000000000000000e+00 9.279953646345109775e+00
2.484624791728969910e+02 0.000000000000000000e+00 1.004212415089503097e+01
2.484565728200965395e+02 0.000000000000000000e+00 1.027229568077925492e+01
2.484485196736019077e+02 0.000000000000000000e+00 1.014252146793694109e+01
2.484480016661682384e+02 0.000000000000000000e+00 1.057549023796300247e+01
2.484257807493484904e+02 1.708890502841030497e-04 1.059766309223736513e+01
2.484043768958003966e+02 0.000000000000000000e+00 1.036674926304097077e+01
2.483443200751911775e+02 2.883752723544239015e-04 9.228024736190029387e+00
2.483224836587345692e+02 1.495279189985901651e-04 1.020433524159439465e+01
2.482434314521296983e+02 9.612509078480796715e-05 9.476839193403682415e+00
2.481929764600333215e+02 0.000000000000000000e+00 9.776215448370145111e+00
2.481382225402657298e+02 0.000000000000000000e+00 1.004271158200538316e+01
2.480907687871149676e+02 0.000000000000000000e+00 9.344480283675823173e+00
2.475512026316913818e+02 3.684795146750971984e-04 9.876740932199769674e+00
2.474692666723629770e+02 0.000000000000000000e+00 8.628695475712394369e+00
2.474739287392660287e+02 0.000000000000000000e+00 9.471749903874910004e+00
2.474658061690947193e+02 0.000000000000000000e+00 8.726695005767505009e+00
2.475673089246806455e+02 0.000000000000000000e+00 1.002350258469688526e+01
2.474999412568889738e+02 0.000000000000000000e+00 9.797047891656342600e+00
2.474617315333020144e+02 0.000000000000000000e+00 9.131611270132866665e+00
2.473698786687743052e+02 0.000000000000000000e+00 9.677121160336652039e+00
2.473249668902465146e+02 0.000000000000000000e+00 9.400142051523047826e+00
2.472591585850386764e+02 1.602084846413466006e-05 9.719955568846925686e+00
2.472530226000768891e+02 0.000000000000000000e+00 9.850792497970692452e+00
2.472263211859700220e+02 0.000000000000000000e+00 8.979130174734054393e+00
2.471584568718759272e+02 0.000000000000000000e+00 8.788375272354423728e+00
2.471155209979920642e+02 0.000000000000000000e+00 8.910779894903233966e+00
2.470735784167129623e+02 0.000000000000000000e+00 9.121416670226855317e+00
2.470365916178920713e+02 2.242918784978852477e-04 8.904707993335327032e+00
2.470218684581535342e+02 0.000000000000000000e+00 8.518739052420215785e+00
2.470337666082795636e+02 0.000000000000000000e+00 9.373857179476225099e+00
2.470360041867817245e+02 2.670141410689110236e-05 8.896179561669585567e+00
2.470336865040372629e+02 0.000000000000000000e+00 9.492331353868500798e+00
2.470239458281710654e+02 0.000000000000000000e+00 1.022671102661596976e+01
2.469497746400649305e+02 0.000000000000000000e+00 9.022423847566967581e+00
2.469100536164395407e+02 0.000000000000000000e+00 9.617651770837783332e+00
2.468765006194728073e+02 0.000000000000000000e+00 9.549306831289785080e+00
2.468533504934421217e+02 0.000000000000000000e+00 9.366306019566795982e+00
2.467866450207203002e+02 0.000000000000000000e+00 8.735394326483531202e+00
2.466944236766779284e+02 0.000000000000000000e+00 8.911175075832016290e+00
2.466635354808390730e+02 0.000000000000000000e+00 8.933395992651771422e+00
2.466780290084162743e+02 0.000000000000000000e+00 9.050572478318452241e+00
2.467141827231170055e+02 0.000000000000000000e+00 9.245749134874182928e+00
2.467462671423078575e+02 0.000000000000000000e+00 9.309864570427649255e+00
2.468053840731405160e+02 0.000000000000000000e+00 9.146088776861622804e+00
2.468220991583714294e+02 1.602084846413466006e-05 8.862252744905370960e+00
2.468226759089161249e+02 0.000000000000000000e+00 8.526311573460930049e+00
2.467827466142607022e+02 0.000000000000000000e+00 8.088926389541590822e+00
2.467538984064595979e+02 0.000000000000000000e+00 8.574998931943435210e+00
2.467421764856666755e+02 0.000000000000000000e+00 9.302511000982612188e+00
2.467127141453411241e+02 0.000000000000000000e+00 9.184624257700688688e+00
2.466775644038108339e+02 8.544452514205152485e-05 8.568462425770068336e+00
2.465472508224035550e+02 0.000000000000000000e+00 8.115451574315375893e+00
2.464471952834622073e+02 0.000000000000000000e+00 8.752461870380654929e+00
2.463793843721963412e+02 0.000000000000000000e+00 8.483856325030973977e+00
2.462262357414448672e+02 3.043961208185585717e-04 8.915137565685478549e+00
2.460696639894048872e+02 6.942367667791686818e-05 9.003225530824112255e+00
2.460008758063827088e+02 0.000000000000000000e+00 8.430731191523902268e+00
2.458672031870807757e+02 0.000000000000000000e+00 8.175310804460204750e+00
2.457739351476054139e+02 0.000000000000000000e+00 8.912825223223821425e+00
2.457315386422864947e+02 0.000000000000000000e+00 8.456925278762764009e+00
2.457202065621395377e+02 0.000000000000000000e+00 8.439889776562566226e+00
2.457228767035502131e+02 0.000000000000000000e+00 8.631061221002264361e+00
2.457493912077583502e+02 1.441876361772119507e-04 7.896051394881872909e+00
2.458702364677233447e+02 0.000000000000000000e+00 9.099751142820524663e+00
2.460439131456402038e+02 0.000000000000000000e+00 9.003620711752894579e+00
2.462048372281795992e+02 1.228265048916990661e-04 8.574283334045370353e+00
2.463884308112957626e+02 2.990558379971803302e-04 9.164016106292988795e+00
2.464069882941000458e+02 0.000000000000000000e+00 8.926437604135514903e+00
2.463751388473533552e+02 9.078480796342973923e-05 8.769438629469815893e+00
2.463226438672191989e+02 6.942367667791686818e-05 7.771863117870722704e+00
2.462711421796898321e+02 6.942367667791686818e-05 8.514685777758790763e+00
2.461052516341265459e+02 0.000000000000000000e+00 7.921973127696842809e+00
2.454388697825436907e+02 0.000000000000000000e+00 8.528191353014054954e+00
2.454108386380142690e+02 0.000000000000000000e+00 8.395666894518733159e+00
2.454303947537061674e+02 0.000000000000000000e+00 8.273764258555132756e+00
2.454652347588328212e+02 0.000000000000000000e+00 8.377755585935831917e+00
2.454888494894689757e+02 0.000000000000000000e+00 8.356447857478531915e+00
2.455096819327551714e+02 0.000000000000000000e+00 8.708244328619644037e+00
2.455278655957619378e+02 0.000000000000000000e+00 8.511839407014996084e+00
2.455325597043619439e+02 0.000000000000000000e+00 8.389611013799290973e+00
2.455324689195539918e+02 0.000000000000000000e+00 7.502574016319904615e+00
2.455457128209509960e+02 6.942367667791686818e-05 8.317511855427863310e+00
2.455592023753577848e+02 7.209381808860596723e-04 8.191315632075875541e+00
2.455449064382449649e+02 0.000000000000000000e+00 7.849938052719272363e+00
2.454987183321228770e+02 0.000000000000000000e+00 8.148507924979707440e+00
2.454817736147306277e+02 0.000000000000000000e+00 8.025093988977657133e+00
2.454444236766779284e+02 0.000000000000000000e+00 8.273005938394497605e+00
2.454073033707865079e+02 0.000000000000000000e+00 7.948322083137522753e+00
2.453121822531721250e+02 3.364378177468278579e-04 8.391869953432733453e+00
2.453029008416285706e+02 2.937155551758020887e-04 8.811439953859956375e+00
2.453117229888494819e+02 0.000000000000000000e+00 8.262458879822276003e+00
2.451744243175118640e+02 0.000000000000000000e+00 8.421860981757593123e+00
2.450706679625752997e+02 0.000000000000000000e+00 7.710786303242620043e+00
2.449894422608621483e+02 3.524586662109625282e-04 7.585941171444440023e+00
2.448804898107403858e+02 0.000000000000000000e+00 7.343871491434186716e+00
2.447865702567607968e+02 0.000000000000000000e+00 7.872719699235271484e+00
2.447742128423121244e+02 0.000000000000000000e+00 7.065840346904772140e+00
2.446689131456402038e+02 0.000000000000000000e+00 7.833901183406672963e+00
2.446473384030418288e+02 0.000000000000000000e+00 8.314633442987140910e+00
2.446363534412782599e+02 0.000000000000000000e+00 8.218497671636690427e+00
2.445770709616781176e+02 5.340282821378220473e-05 8.865494296577946187e+00
2.445505083949246057e+02 0.000000000000000000e+00 9.096237236724057595e+00
2.445185201008245315e+02 8.010424232067329692e-05 8.121817191438458039e+00
2.444453261844747374e+02 0.000000000000000000e+00 8.466302815397103387e+00
2.444580787798521726e+02 0.000000000000000000e+00 7.906513008928953035e+00
2.443897605417182888e+02 0.000000000000000000e+00 8.236376938522663949e+00
2.443855684197035032e+02 0.000000000000000000e+00 9.037894646900499040e+00
2.444001634126543365e+02 0.000000000000000000e+00 8.746261802025035337e+00
2.443799771435895138e+02 0.000000000000000000e+00 8.196479685564147744e+00
2.443758277438373057e+02 0.000000000000000000e+00 7.918149485196735782e+00
2.443539165634211940e+02 0.000000000000000000e+00 8.264242534284615971e+00
2.443872078865296658e+02 0.000000000000000000e+00 8.745193745460760226e+00
2.443764845986243301e+02 0.000000000000000000e+00 8.262672491135131025e+00
2.443739052420216069e+02 0.000000000000000000e+00 7.449283334045371241e+00
2.443856111419660806e+02 0.000000000000000000e+00 7.890412056222497306e+00
2.443977015422736656e+02 0.000000000000000000e+00 7.962885034391421257e+00
2.444087505874311148e+02 0.000000000000000000e+00 8.211752894433288930e+00
2.444761342760712637e+02 0.000000000000000000e+00 9.077247191011235117e+00
2.445004913060195690e+02 1.548682018199683795e-04 8.396633485709402933e+00
2.445069583885162672e+02 0.000000000000000000e+00 8.215026487802793653e+00
2.445464764813944498e+02 2.563335754261545610e-04 8.214786175075831309e+00
2.445773753577989567e+02 0.000000000000000000e+00 7.538492758576493813e+00
2.446127493912077568e+02 0.000000000000000000e+00 8.222150425086512726e+00
2.446345484256846134e+02 9.612509078480796715e-05 7.983968470970222775e+00
2.446324016319904331e+02 0.000000000000000000e+00 8.138676464305548919e+00
2.446109603964625876e+02 1.762293331054812641e-04 7.922047891656341712e+00
2.445944482419788812e+02 0.000000000000000000e+00 7.589326910753193545e+00
2.445947953603622977e+02 0.000000000000000000e+00 8.624006707395222904e+00
2.445875806382705946e+02 1.869098987482377199e-04 7.565306318622634585e+00
2.446103409236553148e+02 0.000000000000000000e+00 7.912291194941683870e+00
2.446158307343957006e+02 0.000000000000000000e+00 8.082437945913616417e+00
2.445959168197547626e+02 0.000000000000000000e+00 7.872207032084419076e+00
2.446425107873712932e+02 2.189515956765070333e-04 7.760846114410218988e+00
2.446176410902721443e+02 0.000000000000000000e+00 8.278191353014054954e+00
2.446007177340111980e+02 4.272226257102576378e-04 8.003140086298969891e+00
2.446251815696159326e+02 0.000000000000000000e+00 8.405097833981287181e+00
2.446804801982312938e+02 0.000000000000000000e+00 7.643301149228863167e+00
2.446882396291707664e+02 0.000000000000000000e+00 8.279991028324859670e+00
2.447484673388302667e+02 0.000000000000000000e+00 9.202920066646729680e+00
2.448365019011406787e+02 0.000000000000000000e+00 8.145917887811338076e+00
2.448980219592429535e+02 0.000000000000000000e+00 8.262090400307601001e+00
2.449784786602298539e+02 2.136113128551288121e-05 7.671860981757594011e+00
2.450313367795958470e+02 0.000000000000000000e+00 8.958265689750929184e+00
2.451199000299055797e+02 0.000000000000000000e+00 8.456727688298371959e+00
2.451819754774212754e+02 2.082710300337505774e-04 8.336208185585508801e+00
2.452733530567778928e+02 0.000000000000000000e+00 8.309106250267014104e+00
2.453338050583158747e+02 7.476395949929508255e-05 8.561221002264279178e+00
2.454023689494595715e+02 0.000000000000000000e+00 8.507545819626606942e+00
2.454516651001837033e+02 0.000000000000000000e+00 8.654254069295509666e+00
2.455142799162643712e+02 4.806254539240398358e-05 9.409343358824283854e+00
2.456300786089631174e+02 0.000000000000000000e+00 8.993281924210705824e+00
2.456649186140897996e+02 0.000000000000000000e+00 9.105155509035759209e+00
2.457550198658520912e+02 1.708890502841030497e-04 8.872313837740847475e+00
2.457668592728670944e+02 0.000000000000000000e+00 9.161223138377408759e+00
2.457643386593753974e+02 2.616738582475328025e-04 8.610287520827103691e+00
2.457989383517751207e+02 5.340282821378220303e-06 8.746341906267355526e+00
2.458511609774853639e+02 0.000000000000000000e+00 8.716206690306318450e+00
2.458634276071260842e+02 0.000000000000000000e+00 9.060297133336181474e+00
2.458876671508523089e+02 0.000000000000000000e+00 8.981373093519032125e+00
2.458993944119280570e+02 0.000000000000000000e+00 8.980395821762719777e+00
2.459079655658563581e+02 0.000000000000000000e+00 9.312443927030376045e+00
2.458941075319348784e+02 0.000000000000000000e+00 8.824139146409192946e+00
2.459461485880292173e+02 6.942367667791686818e-05 8.549344213269534976e+00
2.459941417097449516e+02 0.000000000000000000e+00 8.333308412013499478e+00
2.460304769940616154e+02 0.000000000000000000e+00 8.525243516896654938e+00
2.461310986029820072e+02 5.340282821378220473e-05 8.640625667535353216e+00
2.461648171487161960e+02 0.000000000000000000e+00 8.998381894305122586e+00
2.461859112658606534e+02 0.000000000000000000e+00 9.255954415345836850e+00
2.461956038791814478e+02 0.000000000000000000e+00 8.962927756653991551e+00
2.462447611825522245e+02 0.000000000000000000e+00 9.410096338702096830e+00
2.462507743410091052e+02 3.738197974964754128e-05 8.411906694578544119e+00
2.462639167770325059e+02 1.602084846413466006e-05 9.227170290938607522e+00
2.462819402315546711e+02 0.000000000000000000e+00 8.722967488358182919e+00
2.462626671508523089e+02 0.000000000000000000e+00 8.419441833639510264e+00
2.462920173452386052e+02 0.000000000000000000e+00 9.579004144059469539e+00
2.462874834451232573e+02 3.204169692826931877e-04 9.008170632716709036e+00
2.462536207117528875e+02 0.000000000000000000e+00 8.871080232409108035e+00
2.462485741444866960e+02 3.738197974964754128e-05 8.928605758960994621e+00
2.462660101678984859e+02 0.000000000000000000e+00 8.618815952492843380e+00
2.462663786474131769e+02 0.000000000000000000e+00 8.780631862263424736e+00
2.462799055837997173e+02 2.509932926047763737e-04 8.471461528602555191e+00
2.462642852565471969e+02 3.684795146750971984e-04 8.806927414875891813e+00
2.462701755884991712e+02 3.471183833895842867e-04 9.279900243516896907e+00
2.462478532063058196e+02 2.136113128551288189e-04 8.885482975178366161e+00
2.462177286709104180e+02 0.000000000000000000e+00 8.463499166915879002e+00
2.462170504549920906e+02 0.000000000000000000e+00 8.880756824881446576e+00
2.462288417994616907e+02 1.975904643909941487e-04 9.810435980689536706e+00
2.462390951424787318e+02 2.723544238902892312e-04 9.251788994745162142e+00
2.462384596488230102e+02 0.000000000000000000e+00 9.301469645832442623e+00
2.462357094031700058e+02 4.112017772461229676e-04 8.243169778271457915e+00
2.462822072456957301e+02 2.029307472123723631e-04 9.170445806809928158e+00
2.462839321570470474e+02 2.029307472123723631e-04 9.245519502712863158e+00
2.459865691887042374e+02 0.000000000000000000e+00 9.085829025505191225e+00
2.460338680736531671e+02 0.000000000000000000e+00 9.178210578032212297e+00
2.460312353142222435e+02 5.340282821378220303e-06 8.657468919553979347e+00
2.460257134617849317e+02 1.281667877130772805e-04 8.906694578544879448e+00
2.460379480497287261e+02 0.000000000000000000e+00 9.500534028282137555e+00
2.460043897124791670e+02 0.000000000000000000e+00 8.704159012261289519e+00
2.459692933737770772e+02 0.000000000000000000e+00 9.055554962190797141e+00
2.459454543512624412e+02 0.000000000000000000e+00 8.880799547144016870e+00
2.459154953646345234e+02 5.874311103516041910e-05 8.285689110095271204e+00
2.458986147306361261e+02 6.408339385653864025e-05 8.422101294484555467e+00
2.459052099799205280e+02 0.000000000000000000e+00 8.469645832443285727e+00
2.459344533686503951e+02 0.000000000000000000e+00 9.389135728628188460e+00
2.459289261759302860e+02 5.874311103516041910e-05 9.223661725124962629e+00
2.459289261759302860e+02 0.000000000000000000e+00 8.555773913786474338e+00
2.459597823300721871e+02 3.204169692826931877e-04 8.800166616824027344e+00
2.459855758960994478e+02 1.815696159268594785e-04 8.852004742171144969e+00
2.459745909343358790e+02 0.000000000000000000e+00 8.351855214252147164e+00
2.459820619900029897e+02 3.097364036399367590e-04 8.021622805143760360e+00
2.460191075319348784e+02 0.000000000000000000e+00 9.493388729867133335e+00
2.460051373520741720e+02 0.000000000000000000e+00 8.874118853334472590e+00
2.460109475797838172e+02 0.000000000000000000e+00 9.408403469047721401e+00
2.460253930448156439e+02 0.000000000000000000e+00 9.009794078694406849e+00
2.460234011193232675e+02 0.000000000000000000e+00 8.865868116375443364e+00
2.460119355321057810e+02 1.975904643909941487e-04 9.320609219464262907e+00
2.459928867432819288e+02 0.000000000000000000e+00 9.156192591959669613e+00
2.459989372837185329e+02 0.000000000000000000e+00 9.161570256760798614e+00
2.460030653223394665e+02 0.000000000000000000e+00 9.002120092280087249e+00
2.459929721878070552e+02 0.000000000000000000e+00 8.887800657922843683e+00
2.459779286110992302e+02 1.815696159268594785e-04 7.543961208185585576e+00
2.459997223052932895e+02 0.000000000000000000e+00 8.565236894945956081e+00
2.460096071687956680e+02 0.000000000000000000e+00 8.473015550903575388e+00
2.460201488870850710e+02 3.364378177468278579e-04 8.832160251206904178e+00
2.460557792540693072e+02 0.000000000000000000e+00 8.845697868159097865e+00
2.460962212158756017e+02 0.000000000000000000e+00 9.397957875849105136e+00
2.461247650275558669e+02 0.000000000000000000e+00 8.659071004400393790e+00
2.461845708548724758e+02 0.000000000000000000e+00 8.985020506686034025e+00
2.462089812876489816e+02 0.000000000000000000e+00 8.746000128166787846e+00
2.462292476609561334e+02 0.000000000000000000e+00 9.571223351988720651e+00
2.462728403896270208e+02 2.189515956765070333e-04 9.467573802708590947e+00
2.462940947152561080e+02 0.000000000000000000e+00 9.861761438885803699e+00
2.462729471952834501e+02 7.476395949929508255e-05 8.984657367454181198e+00
2.462901001837057322e+02 6.408339385653864025e-05 8.739212628700816055e+00
2.463021905840133172e+02 0.000000000000000000e+00 8.405242021617464587e+00
2.462848453454094795e+02 0.000000000000000000e+00 8.899132738069807758e+00
2.463037285854658762e+02 1.014653736061861815e-04 8.371058871277822888e+00
2.462906822745332533e+02 0.000000000000000000e+00 8.137528303498953619e+00
2.462929145127525885e+02 0.000000000000000000e+00 8.898005938394497605e+00
2.462730219592429535e+02 0.000000000000000000e+00 7.951061648224889922e+00
2.462922950399453157e+02 1.602084846413465938e-04 8.814403810825821139e+00
2.462879320288802489e+02 0.000000000000000000e+00 8.756969069081899093e+00
2.463219976929978259e+02 0.000000000000000000e+00 9.143525441107360763e+00
2.463351881915666297e+02 1.068056564275644095e-04 9.285924082539411373e+00
2.463503385739308840e+02 0.000000000000000000e+00 9.132257444354252129e+00
2.463488005724783250e+02 1.335070705344554949e-04 8.201408766608279777e+00
2.463860276840261463e+02 0.000000000000000000e+00 8.420563293031998242e+00
2.463899421113342214e+02 0.000000000000000000e+00 8.230475926005041742e+00
2.463880302900841741e+02 2.723544238902892312e-04 8.105016661682402201e+00
2.463917044046652620e+02 0.000000000000000000e+00 8.805832656897509381e+00
2.464169479215619276e+02 0.000000000000000000e+00 9.276749476652282667e+00
2.464374065450506350e+02 0.000000000000000000e+00 8.571618532917502975e+00
2.467878252232238196e+02 0.000000000000000000e+00 8.672784850685692604e+00
2.467920333660870540e+02 0.000000000000000000e+00 9.356800316144742169e+00
2.468073813389157181e+02 0.000000000000000000e+00 8.970163839876960310e+00
2.468237226043491148e+02 3.738197974964754128e-05 8.835999914555474177e+00
2.468463921049258829e+02 0.000000000000000000e+00 9.269225018156960871e+00
2.468437059426667304e+02 0.000000000000000000e+00 8.702839962404409491e+00
2.468498419276284892e+02 5.340282821378220303e-06 8.863913572862818668e+00
2.468493506216089202e+02 0.000000000000000000e+00 9.049739394198317299e+00
2.468578096295979947e+02 0.000000000000000000e+00 8.707683598923399160e+00
2.468720681847310630e+02 0.000000000000000000e+00 8.706263083692912019e+00
2.468630591276113933e+02 0.000000000000000000e+00 8.707854487973683888e+00
2.468442826932114258e+02 0.000000000000000000e+00 8.994029563805698402e+00
2.468398662793181586e+02 0.000000000000000000e+00 9.058198402187379372e+00
2.468471290639552365e+02 0.000000000000000000e+00 8.715896953902678490e+00
2.468638227880548470e+02 0.000000000000000000e+00 9.369627675481693174e+00
2.468690829666339255e+02 0.000000000000000000e+00 9.763062331781091174e+00
2.468648908446191399e+02 4.432434741743922538e-04 9.749129533900115163e+00
2.468674114581108086e+02 0.000000000000000000e+00 9.026947067116674717e+00
2.468849008843508273e+02 0.000000000000000000e+00 9.066929764600333286e+00
2.469058775152732039e+02 0.000000000000000000e+00 9.032997607553296504e+00
2.469069615926859456e+02 7.476395949929508255e-05 8.942132695347545734e+00
2.469088146708249667e+02 0.000000000000000000e+00 8.913102917930533664e+00
2.470227816465159947e+02 0.000000000000000000e+00 9.346215875592770672e+00
2.469889669756910280e+02 0.000000000000000000e+00 9.670819626607425334e+00
2.469829057546887725e+02 0.000000000000000000e+00 9.373883880890332421e+00
2.469524447814756343e+02 8.544452514205152485e-05 9.137688511983593997e+00
2.469477933951382056e+02 0.000000000000000000e+00 9.246149656085785651e+00
2.468677852779083253e+02 0.000000000000000000e+00 8.652646644166274825e+00
2.468625037381979723e+02 0.000000000000000000e+00 9.489217968983638229e+00
2.468522183534840053e+02 8.544452514205152485e-05 8.954660998846499353e+00
2.468638067672063983e+02 0.000000000000000000e+00 8.798035843978297521e+00
2.468430117058999542e+02 9.078480796342973923e-05 8.170627376425855459e+00
2.468541355150168783e+02 0.000000000000000000e+00 9.338638014269236010e+00
2.468560580168325771e+02 0.000000000000000000e+00 9.107045969154526688e+00
2.468549365574400838e+02 4.272226257102576243e-05 9.112594523005938640e+00
2.468673153330200307e+02 0.000000000000000000e+00 9.016095612423633554e+00
2.468811466655274103e+02 0.000000000000000000e+00 9.401551886187892393e+00
2.469010285384713939e+02 0.000000000000000000e+00 9.412408681163753954e+00
2.469017761780663989e+02 0.000000000000000000e+00 8.916611483744178557e+00
2.469201520912547494e+02 1.602084846413466006e-05 9.088120006835561426e+00
2.469043074721237190e+02 0.000000000000000000e+00 9.748755714102619763e+00
2.468836085359080528e+02 0.000000000000000000e+00 9.064318366300678775e+00
2.468864869483487894e+02 0.000000000000000000e+00 9.377873072157902001e+00
2.469089802195924221e+02 1.174862220703208382e-04 9.011839407014996084e+00
2.469200079036185684e+02 0.000000000000000000e+00 9.529328833255009457e+00
2.469187582774383714e+02 0.000000000000000000e+00 9.253812961934464454e+00
2.469147530653223441e+02 0.000000000000000000e+00 8.904585166830434773e+00
2.468935841842183834e+02 0.000000000000000000e+00 8.258432306574956527e+00
2.469005692741487508e+02 0.000000000000000000e+00 8.990440893749733320e+00
2.468854295723501480e+02 0.000000000000000000e+00 9.167209595420173329e+00
2.468761321399581448e+02 0.000000000000000000e+00 8.695395608151407885e+00
2.468617988208655447e+02 0.000000000000000000e+00 8.459045371042851258e+00
2.468559672320245966e+02 0.000000000000000000e+00 8.359395693595933707e+00
2.468476417311060800e+02 8.010424232067329692e-05 8.884393557482804127e+00
2.468498632887597637e+02 0.000000000000000000e+00 8.474083607467852275e+00
2.468461304310676212e+02 0.000000000000000000e+00 8.925129234844277448e+00
2.468316742854701715e+02 0.000000000000000000e+00 8.597748536762507499e+00
2.468240590421668799e+02 0.000000000000000000e+00 8.625993292604777096e+00
2.468257145298414912e+02 0.000000000000000000e+00 8.124679583030717467e+00
2.468056991498269781e+02 3.417781005682060994e-04 8.666408552996966108e+00
2.463741669158798686e+02 0.000000000000000000e+00 9.612001751612766043e+00
2.463852800444311413e+02 1.869098987482377199e-04 8.813778997735720822e+00
2.463842440295638028e+02 0.000000000000000000e+00 8.746822531721280214e+00
2.464074582389883403e+02 0.000000000000000000e+00 9.287120305891399141e+00
2.464078053573717284e+02 0.000000000000000000e+00 8.399875037381979936e+00
2.464212041269705651e+02 0.000000000000000000e+00 8.402529157944204741e+00
2.464266298543170706e+02 0.000000000000000000e+00 8.447553082411245029e+00
2.464604712265561659e+02 0.000000000000000000e+00 8.439921818259495723e+00
2.464828416712949206e+02 2.189515956765070333e-04 9.502189515956764865e+00
2.464491124449950803e+02 0.000000000000000000e+00 8.764343999658221307e+00
2.464679850044858256e+02 0.000000000000000000e+00 8.988705301832785821e+00
2.464782330072200693e+02 2.670141410689110236e-05 9.431516213098646517e+00
2.464732665441961785e+02 0.000000000000000000e+00 8.836224206433973549e+00
2.464878134746016087e+02 0.000000000000000000e+00 8.233268893920621778e+00
2.465381509804759332e+02 0.000000000000000000e+00 8.356746913316529302e+00
2.465457769043448479e+02 0.000000000000000000e+00 8.563688212927756283e+00
2.465534455504763400e+02 0.000000000000000000e+00 7.991060366557013239e+00
2.465769107531934878e+02 0.000000000000000000e+00 8.218081129576622956e+00
2.465775088648694862e+02 0.000000000000000000e+00 8.512805998205665858e+00
2.465981116759943745e+02 0.000000000000000000e+00 8.420846328021532656e+00
2.466755671380356318e+02 1.068056564275644095e-04 8.545301619173750751e+00
2.467587153415644821e+02 2.403127269620199179e-04 8.018413295168112853e+00
2.468193862946981767e+02 0.000000000000000000e+00 8.695032468919553281e+00
2.468586587345665748e+02 0.000000000000000000e+00 8.646265006194727931e+00
2.468760199940188897e+02 3.738197974964754399e-04 7.927057076942794822e+00
2.468947056436108767e+02 0.000000000000000000e+00 8.725514803263980212e+00
2.469152230102106103e+02 1.602084846413466006e-05 8.067367667791685903e+00
2.468999124193617263e+02 0.000000000000000000e+00 8.666082795744863176e+00
2.469182295894390506e+02 0.000000000000000000e+00 8.705494082966634295e+00
2.469055784594352190e+02 0.000000000000000000e+00 8.375283034989532638e+00
2.468943585252274886e+02 2.242918784978852477e-04 7.875752979877814752e+00
2.468857126073396842e+02 1.869098987482377199e-04 8.291408552996966108e+00
2.468687678899474633e+02 0.000000000000000000e+00 8.321687956594180591e+00
2.468618255222796734e+02 0.000000000000000000e+00 8.424696671935745229e+00
2.468615958901183376e+02 1.815696159268594785e-04 8.705296492502242245e+00
2.468523518605545348e+02 0.000000000000000000e+00 8.320288802494980374e+00
2.468533398128764986e+02 0.000000000000000000e+00 7.482323663861238039e+00
2.468364324774640011e+02 5.874311103516041910e-05 7.938971247917289809e+00
2.468182327936087574e+02 0.000000000000000000e+00 7.837479172896996360e+00
2.468180992865382279e+02 0.000000000000000000e+00 7.794650104669543111e+00
2.468324593070448998e+02 0.000000000000000000e+00 7.136930191822958847e+00
2.468383122570171224e+02 0.000000000000000000e+00 7.359315589353611742e+00
2.468602180971504367e+02 9.078480796342973923e-05 7.752178835391122291e+00
2.468761107788268419e+02 0.000000000000000000e+00 7.356111419660785522e+00
2.469130975776477044e+02 0.000000000000000000e+00 7.833206946639894142e+00
2.469387683171700871e+02 2.136113128551288121e-05 8.212660742512923662e+00
2.469324721237236702e+02 0.000000000000000000e+00 8.106122100226427207e+00
2.469366642457384557e+02 0.000000000000000000e+00 8.094838082624855602e+00
2.469448402187379941e+02 0.000000000000000000e+00 8.520330456700987654e+00
2.469608610672021314e+02 0.000000000000000000e+00 8.457251036014866941e+00
2.469683801854146168e+02 5.874311103516041910e-05 8.033761267996753830e+00
2.469730903148630716e+02 2.349724441406416764e-04 7.752739565087367168e+00
2.469590133293459360e+02 0.000000000000000000e+00 7.621261802025035337e+00
2.469660892040842555e+02 0.000000000000000000e+00 7.333644849831246759e+00
2.469870551544409807e+02 0.000000000000000000e+00 7.631616610415687951e+00
2.469886145170248142e+02 0.000000000000000000e+00 8.103371854573417465e+00
2.469990120476780362e+02 1.869098987482377199e-04 8.664080189686846012e+00
2.470014525569274042e+02 1.548682018199683795e-04 8.805613705301832184e+00
2.470203891998120298e+02 1.335070705344554949e-04 8.397231597385397706e+00
2.470174840859571930e+02 0.000000000000000000e+00 8.366060366557013239e+00
2.471247383261417383e+02 0.000000000000000000e+00 8.733332977314478995e+00
2.471658211218866086e+02 4.272226257102576378e-04 7.990120476780449899e+00
2.472049974366642573e+02 0.000000000000000000e+00 8.253946469004999287e+00
2.472094245311231759e+02 5.340282821378220303e-06 8.101678984919042037e+00
2.472091948989618402e+02 0.000000000000000000e+00 8.232003246891954618e+00
2.472092589823556921e+02 0.000000000000000000e+00 8.589812876489938631e+00
2.472127942495834532e+02 0.000000000000000000e+00 8.274421113342162570e+00
2.472129864997650373e+02 0.000000000000000000e+00 9.024495877301662361e+00
2.472307536207117664e+02 0.000000000000000000e+00 9.252007946340837563e+00
2.472362220703208493e+02 0.000000000000000000e+00 8.368976160977485534e+00
2.472400403725381182e+02 0.000000000000000000e+00 8.782938864442261462e+00
2.472373275088648654e+02 0.000000000000000000e+00 8.220388131755457906e+00
2.472581599521510611e+02 0.000000000000000000e+00 7.511652497116247496e+00
2.472646216943649335e+02 0.000000000000000000e+00 9.163476737728030841e+00
2.472740526338274947e+02 0.000000000000000000e+00 8.306852650916392022e+00
2.472799910283248721e+02 0.000000000000000000e+00 8.419399111376938194e+00
2.472876917161532901e+02 0.000000000000000000e+00 8.825324689195539918e+00
2.472986499765027588e+02 0.000000000000000000e+00 8.733786901354296361e+00
2.472833500662194979e+02 0.000000000000000000e+00 8.183000811722989098e+00
2.472937048746101709e+02 0.000000000000000000e+00 7.863123211005254909e+00
2.472938811039432778e+02 0.000000000000000000e+00 7.804209210919810680e+00
2.472862979023369121e+02 0.000000000000000000e+00 8.505329602255734756e+00
2.473030984320929520e+02 0.000000000000000000e+00 9.926672576579655072e+00
2.472946340838210801e+02 0.000000000000000000e+00 9.366765283889435523e+00
2.472954938693553117e+02 0.000000000000000000e+00 8.596178493613022553e+00
2.473018007433673802e+02 0.000000000000000000e+00 9.402235442389029529e+00
2.472800818131328242e+02 0.000000000000000000e+00 8.983797581919938935e+00
2.472598314606741496e+02 0.000000000000000000e+00 8.501415174947664966e+00
2.472627258939633350e+02 4.272226257102576243e-05 9.008384244029564059e+00
2.472743570299483054e+02 1.548682018199683795e-04 9.061466655274063697e+00
2.472464433716409644e+02 9.078480796342973923e-05 9.336197505019866227e+00
2.472436076814628052e+02 0.000000000000000000e+00 8.216740718588456005e+00
2.472353195625240403e+02 0.000000000000000000e+00 9.002979877814329512e+00
2.472288257786132419e+02 0.000000000000000000e+00 9.737760071773401194e+00
2.472042925193318297e+02 0.000000000000000000e+00 8.763206519417268581e+00
2.471868297945059112e+02 0.000000000000000000e+00 8.468956935959328192e+00
2.471751292348442632e+02 0.000000000000000000e+00 8.324416841115905186e+00
2.471899698808048811e+02 0.000000000000000000e+00 9.010370829239116475e+00
2.471659866706540640e+02 0.000000000000000000e+00 9.221963515187765026e+00
2.471580456700986872e+02 0.000000000000000000e+00 8.751885119835947080e+00
2.471563367795958470e+02 0.000000000000000000e+00 8.443697398214210281e+00
2.471269705643611019e+02 0.000000000000000000e+00 8.379523219549707136e+00
2.470969047720767264e+02 0.000000000000000000e+00 8.558593583116161696e+00
2.470733381039859751e+02 4.859657367454180230e-04 8.005260178579057140e+00
2.470679657794676700e+02 0.000000000000000000e+00 8.886049045157431436e+00
2.470262101080873265e+02 0.000000000000000000e+00 8.418672832913230764e+00
2.470307119665057485e+02 4.005212116033665388e-04 8.700970863416927159e+00
2.470041600803178596e+02 0.000000000000000000e+00 8.325842696629212725e+00
2.469817842952962792e+02 8.544452514205152485e-05 8.461966505746143952e+00
2.469398523945828288e+02 0.000000000000000000e+00 8.260344127825009153e+00
2.469245845259964938e+02 0.000000000000000000e+00 8.543186867176485677e+00
2.468950741231255677e+02 0.000000000000000000e+00 8.655615841414961764e+00
2.468794324347417444e+02 0.000000000000000000e+00 8.295787584910497614e+00
2.468489821420942576e+02 3.150766864613150004e-04 8.478382535139061815e+00
2.468495535523561273e+02 0.000000000000000000e+00 8.599922031870807615e+00
2.468427660528901697e+02 0.000000000000000000e+00 8.306014226513436682e+00
2.468097470842055827e+02 0.000000000000000000e+00 8.236697355491946482e+00
2.468339973084974588e+02 0.000000000000000000e+00 8.287408681163753954e+00
2.468427607126073440e+02 0.000000000000000000e+00 8.480059383944974272e+00
2.468625197590464495e+02 0.000000000000000000e+00 8.127622078865297084e+00
2.470469143845858184e+02 4.432434741743922538e-04 8.333783697184603767e+00
2.470821442303584377e+02 0.000000000000000000e+00 8.008005083949246483e+00
2.471048778143290576e+02 3.951809287819882974e-04 8.749679583030717467e+00
2.471226716366898870e+02 0.000000000000000000e+00 8.243137736574528418e+00
2.471431249198957687e+02 0.000000000000000000e+00 9.088921049258768647e+00
2.471656555731191531e+02 0.000000000000000000e+00 8.554518947323449751e+00
2.471747874567437009e+02 0.000000000000000000e+00 8.443072585124108187e+00
2.471990857435809801e+02 0.000000000000000000e+00 8.526685393258427226e+00
2.472347428119793165e+02 0.000000000000000000e+00 9.423692698765327336e+00
2.472243239201948199e+02 0.000000000000000000e+00 8.961448498312471145e+00
2.472273358397060576e+02 0.000000000000000000e+00 8.972663092237365134e+00
2.472961293630110617e+02 1.174862220703208382e-04 8.594613790746358006e+00
2.473895896526680076e+02 0.000000000000000000e+00 8.444434357243560285e+00
2.474447173922330876e+02 1.495279189985901651e-04 8.482462511214594159e+00
2.474492299312171610e+02 0.000000000000000000e+00 8.610223437433246474e+00
2.474525142051523119e+02 0.000000000000000000e+00 8.862402272824368765e+00
2.474298286837270950e+02 0.000000000000000000e+00 8.157132481736232066e+00
2.474435318494467424e+02 0.000000000000000000e+00 8.626500619472807330e+00
2.474483541248344523e+02 0.000000000000000000e+00 8.377317682744477523e+00
2.474347203827914825e+02 0.000000000000000000e+00 8.728259708634169556e+00
2.474635258683299810e+02 0.000000000000000000e+00 8.062513350707053661e+00
2.474804118426111756e+02 5.126671508523091220e-04 8.528784124407229328e+00
2.474836961165463265e+02 0.000000000000000000e+00 9.008159952151066463e+00
2.474902806852651054e+02 0.000000000000000000e+00 8.689206220361430866e+00
2.475118020250352515e+02 0.000000000000000000e+00 8.074294014611012926e+00
2.475133987695988367e+02 0.000000000000000000e+00 7.979391848592301884e+00
2.475088862306147632e+02 0.000000000000000000e+00 7.562721621737087396e+00
2.475327145725637763e+02 0.000000000000000000e+00 7.955077540906566824e+00
2.475332699619771972e+02 1.014653736061861815e-04 8.261198573076429241e+00
2.475431975477421247e+02 0.000000000000000000e+00 8.658739906865466907e+00
2.475345142478745686e+02 5.340282821378220473e-05 7.685553466911607678e+00
2.475656213953091083e+02 0.000000000000000000e+00 8.414854530695945911e+00
2.475877622078865272e+02 0.000000000000000000e+00 7.852608194129961028e+00
2.476099350621609005e+02 0.000000000000000000e+00 7.394038108258213171e+00
2.476234352971333408e+02 0.000000000000000000e+00 7.916114837441790897e+00
2.476336779595847304e+02 0.000000000000000000e+00 8.674744734481137698e+00
2.476056468150553371e+02 0.000000000000000000e+00 8.015187764343998822e+00
2.475868329986756180e+02 0.000000000000000000e+00 7.721894091511086522e+00
2.475845793993249799e+02 0.000000000000000000e+00 7.964999786388687220e+00
2.475626788994745198e+02 0.000000000000000000e+00 8.044692826932115182e+00
2.475601102234374196e+02 1.441876361772119507e-04 8.069295509890203277e+00
2.475300337505874211e+02 0.000000000000000000e+00 8.832544751570043928e+00
2.475161009527064664e+02 0.000000000000000000e+00 8.226470713889007413e+00
2.475060345195881553e+02 0.000000000000000000e+00 8.225979407869440152e+00
2.474973458794377734e+02 0.000000000000000000e+00 8.312208954586234100e+00
2.474871726406630614e+02 0.000000000000000000e+00 8.313309052847438707e+00
2.474866065706839890e+02 0.000000000000000000e+00 8.561888537616951567e+00
2.474882460375101516e+02 0.000000000000000000e+00 9.063357115392831176e+00
2.474664309821848178e+02 0.000000000000000000e+00 8.794997223052932966e+00
2.474651065920451174e+02 0.000000000000000000e+00 8.703827914726364412e+00
2.474542764984833525e+02 0.000000000000000000e+00 8.204207074806681987e+00
2.474418763617721311e+02 0.000000000000000000e+00 8.534791942581279045e+00
2.474539934634938163e+02 0.000000000000000000e+00 8.325997564831032705e+00
