2.550000000000000000e+02 8.109847313490529075e+01 0.000000000000000000e+00
2.550000000000000000e+02 4.512620259416741675e+01 0.000000000000000000e+00
2.550000000000000000e+02 4.480667761886354583e+01 0.000000000000000000e+00
2.550000000000000000e+02 4.423461323712579940e+01 0.000000000000000000e+00
2.550000000000000000e+02 4.415261134733496817e+01 0.000000000000000000e+00
2.550000000000000000e+02 4.455484151526864878e+01 0.000000000000000000e+00
2.550000000000000000e+02 4.479413627968904166e+01 8.053085942533179354e-05
2.549998120946613369e+02 4.472625413391745042e+01 2.147489584675514381e-05
2.549999677876562316e+02 4.450606665807670481e+01 1.610617188506635871e-05
2.549999087316926420e+02 4.477834149379375361e+01 4.294979169351028763e-05
2.549998765193488737e+02 4.484080122836404314e+01 3.758106773182149913e-05
2.549999516814843332e+02 4.530585083537344815e+01 1.073744792337757191e-05
2.549999570502083088e+02 4.557302538332689323e+01 2.684361980844392892e-05
2.549996080831508039e+02 4.566445475239444818e+01 4.294979169351028627e-04
2.549999033629686949e+02 4.576850599149594245e+01 6.442468754026543483e-05
2.550000000000000000e+02 4.621662264313017943e+01 4.294979169351028763e-05
2.549999838938281016e+02 4.650096100158913970e+01 1.127432031954644974e-04
2.549999463127603860e+02 4.687036142249709769e+01 2.147489584675514381e-05
2.549999570502083088e+02 4.703800519692479298e+01 0.000000000000000000e+00
2.549999624189322560e+02 4.737446849632779333e+01 1.610617188506635871e-05
2.549998818880728493e+02 4.800972812781858323e+01 1.020057552720869340e-04
2.550000000000000000e+02 4.824260726710475211e+01 8.053085942533179354e-05
2.550000000000000000e+02 4.811901924150667753e+01 6.979341150195421655e-05
2.549995597646351371e+02 4.860388480865867677e+01 8.214147661383841992e-04
2.550000000000000000e+02 4.892532104969291140e+01 6.979341150195421655e-05
2.550000000000000000e+02 4.940210131855860709e+01 1.610617188506635871e-05
2.549999946312760244e+02 4.946657969333848825e+01 6.442468754026543483e-05
2.549998818880728493e+02 4.969011725293132287e+01 2.684361980844392892e-05
2.549999355753124632e+02 5.001664841300519981e+01 1.073744792337757191e-05
2.550000000000000000e+02 5.058654383026242130e+01 2.147489584675514381e-05
2.550000000000000000e+02 5.088870635227419115e+01 0.000000000000000000e+00
2.549999892625520772e+02 5.145286797234033571e+01 5.368723961688785954e-06
2.549999892625520772e+02 5.176805501868315673e+01 5.368723961688785784e-05
2.550000000000000000e+02 5.207612850577674379e+01 3.758106773182149913e-05
2.549999570502083088e+02 5.257674590903233991e+01 5.905596357857664634e-05
2.549999892625520772e+02 5.292195485976893110e+01 3.221234377013271742e-05
2.549999946312760244e+02 5.317321114117596181e+01 5.905596357857664634e-05
2.549999516814843332e+02 5.348611647983507567e+01 2.684361980844392892e-05
2.549999785251041544e+02 5.261892797319932669e+01 0.000000000000000000e+00
2.550000000000000000e+02 5.129157539835932056e+01 0.000000000000000000e+00
2.550000000000000000e+02 4.994622686079972596e+01 5.368723961688785954e-06
2.550000000000000000e+02 4.976697590516685921e+01 4.831851565519906935e-05
2.549999838938281016e+02 4.994243117295881262e+01 1.610617188506635871e-05
2.550000000000000000e+02 4.978878903062319949e+01 1.610617188506635871e-05
2.549998765193488737e+02 4.941282802903405980e+01 5.368723961688785954e-06
2.549999731563801788e+02 4.953870313103981715e+01 7.516213546364299827e-05
2.549999731563801788e+02 4.946281621784134330e+01 5.368723961688785954e-06
2.550000000000000000e+02 5.007698750161061696e+01 1.127432031954644974e-04
2.549999409440364104e+02 5.017611025211527931e+01 0.000000000000000000e+00
2.549992000601297093e+02 5.012284177296739784e+01 4.563415367435467713e-04
2.549999570502083088e+02 5.047678026886569569e+01 0.000000000000000000e+00
2.549999785251041544e+02 5.049142077910921955e+01 6.442468754026543483e-05
2.549999570502083088e+02 5.076054954258471952e+01 0.000000000000000000e+00
2.549999838938281016e+02 5.107037860241377558e+01 1.073744792337757191e-05
2.549999946312760244e+02 5.149056715199931489e+01 1.073744792337757191e-05
2.549997959884894669e+02 5.193320770519262908e+01 9.126830734870935698e-05
2.550000000000000000e+02 5.252881394150238492e+01 8.589958338702057526e-05
2.550000000000000000e+02 5.257726667525662378e+01 0.000000000000000000e+00
2.549999946312760244e+02 5.286818708929261845e+01 3.865481252415925548e-04
2.549998979942447193e+02 5.328970171369668662e+01 7.516213546364299827e-05
2.549999302065884876e+02 5.381973972426233388e+01 1.449555469655972148e-04
2.549999785251041544e+02 5.410549542584718807e+01 8.589958338702057526e-05
2.549999570502083088e+02 5.456055920628784861e+01 4.294979169351028763e-05
2.550000000000000000e+02 5.493483442855302457e+01 1.610617188506635871e-05
2.549999838938281016e+02 5.505717691019198412e+01 0.000000000000000000e+00
2.550000000000000000e+02 5.527320899368638152e+01 0.000000000000000000e+00
2.549999946312760244e+02 5.564879418459820215e+01 0.000000000000000000e+00
2.549999785251041544e+02 5.586681806468238420e+01 1.073744792337757191e-05
2.550000000000000000e+02 5.611348408710217939e+01 5.368723961688785954e-06
2.550000000000000000e+02 5.641191534596057267e+01 0.000000000000000000e+00
2.549999892625520772e+02 5.643989713524889140e+01 0.000000000000000000e+00
2.549999570502083088e+02 5.661884207361594434e+01 8.053085942533179354e-05
2.550000000000000000e+02 5.697626487136537321e+01 1.610617188506635871e-05
2.549999033629686949e+02 5.711341966241463552e+01 8.589958338702057526e-05
2.549999892625520772e+02 5.721304170424773616e+01 3.221234377013271742e-05
2.550000000000000000e+02 5.761441824507151210e+01 0.000000000000000000e+00
2.549999838938281016e+02 5.776826439891766540e+01 1.073744792337757157e-04
2.550000000000000000e+02 5.808265150539019572e+01 2.147489584675514381e-05
2.549999838938281016e+02 5.797352682214491182e+01 0.000000000000000000e+00
2.549999624189322560e+02 5.700364536356998713e+01 0.000000000000000000e+00
2.549999838938281016e+02 5.540967121934458817e+01 1.073744792337757191e-05
2.549999463127603860e+02 5.388124919469140650e+01 1.234806511188420608e-04
2.549999409440364104e+02 5.328454236996950755e+01 1.610617188506635871e-05
2.549999624189322560e+02 5.314046192500966725e+01 5.905596357857664634e-05
2.550000000000000000e+02 5.299370248679294093e+01 0.000000000000000000e+00
2.550000000000000000e+02 5.261163724605935954e+01 5.368723961688785954e-06
2.550000000000000000e+02 5.223387235321908406e+01 6.442468754026543483e-05
2.549999946312760244e+02 5.220433900270583649e+01 0.000000000000000000e+00
2.549999946312760244e+02 5.213866877120646137e+01 3.758106773182149913e-05
2.550000000000000000e+02 5.238869024610230696e+01 3.758106773182149913e-05
2.550000000000000000e+02 5.196828694755830469e+01 0.000000000000000000e+00
2.549999731563801788e+02 5.201629944594768773e+01 1.610617188506635871e-04
2.550000000000000000e+02 5.190160739595413020e+01 8.053085942533179354e-05
2.550000000000000000e+02 5.215454945668513176e+01 3.758106773182149913e-05
2.549999946312760244e+02 5.271708972211484934e+01 7.516213546364299827e-05
2.550000000000000000e+02 5.309062942919727135e+01 1.610617188506635871e-05
2.549999892625520772e+02 5.338608104625692619e+01 3.221234377013271742e-04
2.549999677876562316e+02 5.354669179229480847e+01 0.000000000000000000e+00
2.549999624189322560e+02 5.387332495812395194e+01 1.825366146974187140e-04
2.550000000000000000e+02 5.409115019542155522e+01 5.368723961688785954e-06
2.549999731563801788e+02 5.432301464587897044e+01 5.905596357857664634e-05
2.549999516814843332e+02 5.467543379289610783e+01 5.368723961688785784e-05
2.550000000000000000e+02 5.500488017008117225e+01 0.000000000000000000e+00
2.550000000000000000e+02 5.508764978739853291e+01 7.516213546364299827e-05
2.549999892625520772e+02 5.527376197225443377e+01 0.000000000000000000e+00
2.550000000000000000e+02 5.539119207146845270e+01 1.610617188506635871e-05
2.550000000000000000e+02 5.560346067946570514e+01 4.831851565519906935e-05
2.549999677876562316e+02 5.587253038697762264e+01 3.758106773182149913e-05
2.549999087316926420e+02 5.604164519177081871e+01 9.126830734870935698e-05
2.549999302065884876e+02 5.654074861486921577e+01 1.610617188506635871e-05
2.549999785251041544e+02 5.660675170725421879e+01 1.610617188506635871e-05
2.549999731563801788e+02 5.713715479104926231e+01 4.294979169351028763e-05
2.549999677876562316e+02 5.717611025211527931e+01 8.589958338702057526e-05
2.549999677876562316e+02 5.730105656487565824e+01 1.610617188506635871e-05
2.549999838938281016e+02 5.750895503156809951e+01 0.000000000000000000e+00
2.550000000000000000e+02 5.744745629858694969e+01 1.073744792337757191e-05
2.550000000000000000e+02 5.782563458317227401e+01 1.020057552720869340e-04
2.549999785251041544e+02 5.808065970880041107e+01 2.147489584675514381e-05
2.550000000000000000e+02 5.784463986599664764e+01 4.294979169351028763e-05
2.549999516814843332e+02 5.726839861701670742e+01 6.442468754026543483e-05
2.549998067259373897e+02 5.588888888888888573e+01 2.576987501610617393e-04
2.549998013572134141e+02 5.448746402954945722e+01 1.825366146974187140e-04
2.550000000000000000e+02 5.416624790619765406e+01 0.000000000000000000e+00
2.550000000000000000e+02 5.424246231155778730e+01 0.000000000000000000e+00
2.550000000000000000e+02 5.428883198041489777e+01 5.368723961688785784e-05
2.550000000000000000e+02 5.398454344371430125e+01 1.610617188506635871e-05
2.550000000000000000e+02 5.370642743632693339e+01 0.000000000000000000e+00
2.550000000000000000e+02 5.370505304299274485e+01 4.294979169351028763e-05
2.550000000000000000e+02 5.393194068633766847e+01 3.221234377013271742e-05
2.549999838938281016e+02 5.399022355366576420e+01 0.000000000000000000e+00
2.549999463127603860e+02 5.398276102735901816e+01 1.073744792337757191e-05
2.550000000000000000e+02 5.413809968646651782e+01 0.000000000000000000e+00
2.550000000000000000e+02 5.451344328480006851e+01 1.610617188506635871e-05
2.549993289095047828e+02 5.497972232959670436e+01 6.979341150195421655e-05
2.549999785251041544e+02 5.544204999355753216e+01 0.000000000000000000e+00
2.549999838938281016e+02 5.577066958725249890e+01 5.368723961688785954e-06
2.549999785251041544e+02 5.606589034918180658e+01 4.831851565519906935e-05
2.549999946312760244e+02 5.638020229351887735e+01 5.368723961688785954e-06
2.549999033629686949e+02 5.646395975604518469e+01 9.126830734870935698e-05
2.549999892625520772e+02 5.659623437701327475e+01 2.147489584675514381e-05
2.549999946312760244e+02 5.678845080101361731e+01 5.368723961688785784e-05
2.549999570502083088e+02 5.701087166602241751e+01 5.368723961688785954e-06
2.550000000000000000e+02 5.735371300949190498e+01 5.368723961688785954e-06
2.549999892625520772e+02 5.800900871880771348e+01 5.368723961688785954e-06
2.549999838938281016e+02 5.841575398359317717e+01 2.040115105441738679e-04
2.550000000000000000e+02 5.855803053730189589e+01 1.073744792337757191e-05
2.549999624189322560e+02 5.865913971567238150e+01 1.073744792337757191e-05
2.550000000000000000e+02 5.890742709272860367e+01 0.000000000000000000e+00
2.549999785251041544e+02 5.909197161018769151e+01 1.073744792337757191e-05
2.549999892625520772e+02 5.955601189709229715e+01 4.294979169351028763e-05
2.550000000000000000e+02 5.979664347377914879e+01 5.368723961688785954e-06
2.550000000000000000e+02 6.016587209552033499e+01 1.073744792337757191e-05
2.549999785251041544e+02 6.058819739724262377e+01 5.368723961688785954e-06
2.550000000000000000e+02 6.075758600695786527e+01 5.368723961688785954e-06
2.549999838938281016e+02 6.090487694884679826e+01 5.368723961688785954e-06
2.549999194691405648e+02 6.107907056650775246e+01 6.979341150195421655e-05
2.549999946312760244e+02 6.138447579779238339e+01 1.610617188506635871e-05
2.549999946312760244e+02 5.644009040931151588e+01 1.610617188506635871e-05
2.549999838938281016e+02 5.687650324270927626e+01 3.221234377013271742e-05
2.549999516814843332e+02 5.707186037022720626e+01 2.684361980844392892e-05
2.550000000000000000e+02 5.738839496628441594e+01 5.905596357857664634e-05
2.549999731563801788e+02 5.749533457887729071e+01 4.294979169351028763e-05
2.550000000000000000e+02 5.765773310999441748e+01 5.368723961688785954e-06
2.550000000000000000e+02 5.653660395997079746e+01 1.610617188506635871e-05
2.549999677876562316e+02 5.463690246102306247e+01 1.020057552720869340e-04
2.549999248378645405e+02 5.334520895073659119e+01 1.610617188506635871e-05
2.549999892625520772e+02 5.307534467207833728e+01 4.294979169351028763e-05
2.550000000000000000e+02 5.314802645707167983e+01 5.368723961688785954e-06
2.549999624189322560e+02 5.278605635012669950e+01 1.288493750805308697e-04
2.549999946312760244e+02 5.248689494480952078e+01 0.000000000000000000e+00
2.550000000000000000e+02 5.207073830691921046e+01 1.073744792337757191e-05
2.549999892625520772e+02 5.168220375381179110e+01 0.000000000000000000e+00
2.550000000000000000e+02 5.201521496370742881e+01 0.000000000000000000e+00
2.550000000000000000e+02 5.203836490143022786e+01 0.000000000000000000e+00
2.549999946312760244e+02 5.213547974917321426e+01 6.979341150195421655e-05
2.550000000000000000e+02 5.240229459262122447e+01 5.368723961688785954e-06
2.549999892625520772e+02 5.269147554009362722e+01 4.831851565519906935e-05
2.550000000000000000e+02 5.302189365631576834e+01 1.932740626207962774e-04
2.550000000000000000e+02 5.333222200747326269e+01 1.073744792337757191e-05
2.549989155177597411e+02 5.337867757591375550e+01 1.207962891379976700e-03
2.549998496757290809e+02 5.394767104754541975e+01 2.147489584675514314e-04
2.549999785251041544e+02 5.416295150968517902e+01 9.663703131039813870e-05
2.549999892625520772e+02 5.424250526134948558e+01 0.000000000000000000e+00
2.550000000000000000e+02 5.435369690332002079e+01 1.610617188506635871e-05
2.549999946312760244e+02 5.485855022978138607e+01 9.126830734870935698e-05
2.550000000000000000e+02 5.502710131855860709e+01 1.610617188506635871e-05
2.550000000000000000e+02 5.528730726280977592e+01 5.905596357857664634e-05
2.550000000000000000e+02 5.550515397500322479e+01 3.221234377013271742e-05
2.549995651333591127e+02 5.576564983034832323e+01 6.281407035175879490e-04
2.550000000000000000e+02 5.609862345917622406e+01 3.221234377013271742e-05
2.550000000000000000e+02 5.645481681913842920e+01 1.073744792337757191e-05
2.550000000000000000e+02 5.648713116866382933e+01 1.073744792337757191e-05
2.549999731563801788e+02 5.664717282996177516e+01 7.516213546364299827e-05
2.549999624189322560e+02 5.665855452476055376e+01 0.000000000000000000e+00
2.549999946312760244e+02 5.678629794270497655e+01 0.000000000000000000e+00
2.549999785251041544e+02 5.706033908860541715e+01 0.000000000000000000e+00
2.550000000000000000e+02 5.699948460249967752e+01 0.000000000000000000e+00
2.549999946312760244e+02 5.685972598032899583e+01 5.368723961688785954e-06
2.550000000000000000e+02 5.666608147575484367e+01 3.758106773182149913e-05
2.549999892625520772e+02 5.699106107460378468e+01 4.294979169351028763e-05
2.550000000000000000e+02 5.747276446334235089e+01 1.610617188506635871e-05
2.550000000000000000e+02 5.805336511617918660e+01 1.073744792337757191e-05
2.550000000000000000e+02 5.821342825237297802e+01 1.610617188506635871e-05
2.550000000000000000e+02 5.843374994631275854e+01 1.073744792337757191e-05
2.550000000000000000e+02 5.818772817076837356e+01 3.221234377013271742e-05
2.549999731563801788e+02 5.719770862861314953e+01 3.758106773182149913e-05
2.549999141004166177e+02 5.626961731735600836e+01 2.845423699695056479e-04
2.549999302065884876e+02 5.590206373749087021e+01 5.368723961688785954e-06
2.549999677876562316e+02 5.588393892539621532e+01 0.000000000000000000e+00
2.549999302065884876e+02 5.614017201391573053e+01 4.831851565519906935e-05
2.549999892625520772e+02 5.600909461839110293e+01 2.147489584675514381e-05
2.550000000000000000e+02 5.569767104754541975e+01 4.831851565519906935e-05
2.549999838938281016e+02 5.562416247906197952e+01 5.368723961688785954e-06
2.549999892625520772e+02 5.594821328866554921e+01 2.147489584675514381e-05
2.549994040716402424e+02 5.626605248464544928e+01 7.677275265214963821e-04
2.549999785251041544e+02 5.643686917493450039e+01 5.905596357857664634e-05
2.549999838938281016e+02 5.658170660997294021e+01 0.000000000000000000e+00
2.549998228321092597e+02 5.713872782717003673e+01 6.442468754026543483e-05
2.550000000000000000e+02 5.753761328007558973e+01 1.073744792337757191e-05
2.550000000000000000e+02 5.752646244040716539e+01 4.294979169351028763e-05
2.550000000000000000e+02 5.800292058583515598e+01 1.073744792337757191e-05
2.549999838938281016e+02 5.851245007086715333e+01 2.684361980844392892e-05
2.550000000000000000e+02 5.863254842589013549e+01 0.000000000000000000e+00
2.549999677876562316e+02 5.883762294377872593e+01 6.442468754026543483e-05
2.550000000000000000e+02 5.895133251728729107e+01 8.053085942533179354e-05
2.550000000000000000e+02 5.911548125241592544e+01 4.831851565519906935e-05
2.549998604131770037e+02 5.912091440106515705e+01 5.368723961688785954e-06
2.549999731563801788e+02 5.891604389468711389e+01 3.221234377013271742e-05
2.549999731563801788e+02 5.447981896662800949e+01 1.610617188506635871e-05
2.549999516814843332e+02 5.530931366232874069e+01 2.147489584675514381e-05
2.549999892625520772e+02 5.620099965640166317e+01 1.073744792337757191e-05
2.549999946312760244e+02 5.642964287248207000e+01 2.684361980844392892e-05
2.549999677876562316e+02 5.664793518876433609e+01 4.831851565519906935e-05
2.550000000000000000e+02 5.717934759266417899e+01 1.073744792337757191e-05
2.549999946312760244e+02 5.736180904522613133e+01 7.516213546364299827e-05
2.550000000000000000e+02 5.732126444186745573e+01 5.368723961688785784e-05
2.549999302065884876e+02 5.777590946183911313e+01 1.395868230039084331e-04
2.549999785251041544e+02 5.805839561053129216e+01 5.368723961688785784e-05
2.549999892625520772e+02 5.802097560451831981e+01 3.221234377013271742e-05
2.549999570502083088e+02 5.841054632135033842e+01 2.147489584675514314e-04
2.549997798823175685e+02 5.848743718592965024e+01 4.563415367435467713e-04
2.549999785251041544e+02 5.843135012670188644e+01 1.073744792337757191e-05
2.550000000000000000e+02 5.874831422067602915e+01 2.147489584675514381e-05
2.549999946312760244e+02 5.931783919597990007e+01 1.610617188506635871e-05
2.550000000000000000e+02 5.962699716531374605e+01 3.758106773182149913e-05
2.550000000000000000e+02 5.977263454022247657e+01 1.073744792337757191e-05
2.549999785251041544e+02 5.903437057080272865e+01 5.368723961688785954e-06
2.550000000000000000e+02 5.759214877807842470e+01 5.368723961688785954e-06
2.549999892625520772e+02 5.612998217583644589e+01 4.831851565519906935e-05
2.550000000000000000e+02 5.548105377313920172e+01 0.000000000000000000e+00
2.550000000000000000e+02 5.530779968217154163e+01 5.368723961688785954e-06
2.550000000000000000e+02 5.542914358115363171e+01 0.000000000000000000e+00
2.550000000000000000e+02 5.533108383799338270e+01 1.234806511188420608e-04
2.550000000000000000e+02 5.525542241120130882e+01 9.663703131039813870e-05
2.550000000000000000e+02 5.544364987329811356e+01 6.979341150195421655e-05
2.549999785251041544e+02 5.544720396856074984e+01 0.000000000000000000e+00
2.549999677876562316e+02 5.558157776059785959e+01 1.610617188506635871e-05
2.549999892625520772e+02 5.571868423313146934e+01 2.684361980844392892e-05
2.550000000000000000e+02 5.552696710045956507e+01 3.221234377013271742e-05
2.549999677876562316e+02 5.536776296009964682e+01 3.221234377013271742e-05
2.549989960486191762e+02 5.569479341150195495e+01 5.261349482455010421e-04
2.549999946312760244e+02 5.573679830777820854e+01 2.147489584675514381e-05
2.550000000000000000e+02 5.568965554267062146e+01 4.831851565519906935e-05
2.550000000000000000e+02 5.613641390714254698e+01 1.073744792337757191e-05
2.549999946312760244e+02 5.638271485633294589e+01 3.221234377013271742e-05
2.550000000000000000e+02 5.622543808787527553e+01 0.000000000000000000e+00
2.550000000000000000e+02 5.620556844049306022e+01 1.073744792337757191e-05
2.549999409440364104e+02 5.635608061675900871e+01 1.073744792337757191e-05
2.549995221835674215e+02 5.668227354722329636e+01 3.328608856247047376e-04
2.550000000000000000e+02 5.688914658763904697e+01 2.147489584675514381e-05
2.549999570502083088e+02 5.709455933513722670e+01 0.000000000000000000e+00
2.550000000000000000e+02 5.752044410084611314e+01 5.368723961688785954e-06
2.549999946312760244e+02 5.807404544087960829e+01 3.221234377013271742e-05
2.549999838938281016e+02 5.837796890435081565e+01 5.368723961688785784e-05
2.549999677876562316e+02 5.873874178585234063e+01 1.073744792337757191e-05
2.549999731563801788e+02 5.899289180947472744e+01 3.221234377013271742e-05
2.550000000000000000e+02 5.896285379890907308e+01 0.000000000000000000e+00
2.549999624189322560e+02 5.898679293905424714e+01 1.073744792337757191e-05
2.550000000000000000e+02 5.900517544989907037e+01 0.000000000000000000e+00
2.549999785251041544e+02 5.910514109006571459e+01 9.663703131039813870e-05
2.549999677876562316e+02 5.915619765494137283e+01 1.610617188506635871e-05
2.550000000000000000e+02 5.938337520938023317e+01 1.073744792337757191e-05
2.549999409440364104e+02 5.928170768371773391e+01 5.368723961688785954e-06
2.549994684963277791e+02 5.935601619207147195e+01 9.663703131039814683e-04
2.549999946312760244e+02 5.950411244255465704e+01 3.758106773182149913e-05
2.549998550444530281e+02 5.973456491861014683e+01 1.073744792337757157e-04
2.549999624189322560e+02 5.960841064295838265e+01 1.771678907357299322e-04
2.549999302065884876e+02 5.878846690718550150e+01 0.000000000000000000e+00
2.549999677876562316e+02 5.734925159987974297e+01 0.000000000000000000e+00
2.550000000000000000e+02 5.546777155005798221e+01 5.368723961688785954e-06
2.549999892625520772e+02 5.509782888802989476e+01 1.073744792337757191e-05
2.549998872567967965e+02 5.535428746295580282e+01 2.684361980844392892e-05
2.549999892625520772e+02 5.503653416655929220e+01 5.905596357857664634e-05
2.550000000000000000e+02 5.476568204269209161e+01 5.368723961688785954e-06
2.550000000000000000e+02 5.463227998969205146e+01 2.523300261993729576e-04
2.549999892625520772e+02 5.476497337112915176e+01 5.368723961688785954e-06
2.549999946312760244e+02 5.509092470901516236e+01 7.516213546364299827e-05
2.549999946312760244e+02 5.493749194691405791e+01 0.000000000000000000e+00
2.549998067259373897e+02 5.489470858566335920e+01 3.221234377013271742e-05
2.550000000000000000e+02 5.536079972512133196e+01 5.368723961688785954e-06
2.549998872567967965e+02 5.565694390757204957e+01 3.167547137396383382e-04
2.549999785251041544e+02 5.555321479190826039e+01 1.610617188506635871e-05
2.550000000000000000e+02 5.581345294850319760e+01 0.000000000000000000e+00
2.549999731563801788e+02 5.623904243439419304e+01 4.294979169351028763e-05
2.550000000000000000e+02 5.647759631490787058e+01 6.442468754026543483e-05
2.550000000000000000e+02 5.660740669157754468e+01 2.684361980844392892e-05
2.550000000000000000e+02 5.699329446377185349e+01 1.073744792337757191e-05
2.550000000000000000e+02 5.692237362023794134e+01 2.147489584675514381e-05
2.549999248378645405e+02 5.687087681999742017e+01 2.684361980844392892e-05
2.549999785251041544e+02 5.714163230683330852e+01 0.000000000000000000e+00
2.549999946312760244e+02 5.737046879697633273e+01 1.073744792337757191e-05
2.549999838938281016e+02 5.734860735300433987e+01 6.979341150195421655e-05
2.549999946312760244e+02 5.767220718979513094e+01 5.368723961688785784e-05
2.549999946312760244e+02 5.816276360434651593e+01 6.442468754026543483e-05
2.549998926255207721e+02 5.836374715457630202e+01 2.791736460078168662e-04
2.549999409440364104e+02 5.856895589056392737e+01 2.147489584675514381e-05
2.549999946312760244e+02 5.870478997551862221e+01 6.442468754026543483e-05
2.549999892625520772e+02 5.870669587252501742e+01 1.879053386591074957e-04
2.549999624189322560e+02 5.875153545505304464e+01 0.000000000000000000e+00
2.549999624189322560e+02 5.902948503199759500e+01 3.221234377013271742e-05
2.549999785251041544e+02 5.940124232272473392e+01 2.147489584675514381e-05
2.550000000000000000e+02 5.945511746768028161e+01 5.368723961688785954e-06
2.549999570502083088e+02 5.841209788257526725e+01 0.000000000000000000e+00
2.550000000000000000e+02 5.720786625434866579e+01 0.000000000000000000e+00
2.549999785251041544e+02 5.538785272516428648e+01 0.000000000000000000e+00
2.549999892625520772e+02 5.493824356826869604e+01 1.073744792337757191e-05
2.549999409440364104e+02 5.503007559163337703e+01 3.221234377013271742e-05
2.549999785251041544e+02 5.492490228922389406e+01 3.221234377013271742e-05
2.549999677876562316e+02 5.474144762272902653e+01 1.127432031954644974e-04
2.549999838938281016e+02 5.447871837821586638e+01 1.610617188506635871e-05
2.550000000000000000e+02 5.423869883606064235e+01 0.000000000000000000e+00
2.549999731563801788e+02 5.445443027101318734e+01 0.000000000000000000e+00
2.549999892625520772e+02 5.420778572348923774e+01 2.147489584675514381e-05
2.549999624189322560e+02 5.385625778464974189e+01 3.221234377013271742e-05
2.549999892625520772e+02 5.374924837864536187e+01 4.831851565519906935e-05
2.549999516814843332e+02 5.398095713610788948e+01 4.831851565519906935e-05
2.549999946312760244e+02 5.451413048146716278e+01 1.610617188506635871e-05
2.549999892625520772e+02 5.497654404501138004e+01 5.368723961688785954e-06
2.549999731563801788e+02 5.516727333247433762e+01 0.000000000000000000e+00
2.549999892625520772e+02 5.553601876905896972e+01 5.368723961688785954e-06
2.550000000000000000e+02 5.617846712193446024e+01 1.073744792337757191e-05
2.549999570502083088e+02 5.647775737662672668e+01 1.610617188506635871e-05
2.549999731563801788e+02 5.639855259201993221e+01 3.221234377013271742e-05
2.550000000000000000e+02 5.691354206932096105e+01 5.368723961688785954e-06
2.549999946312760244e+02 5.717183674784177327e+01 7.516213546364299827e-05
2.549999946312760244e+02 5.708776253060172934e+01 1.449555469655972148e-04
2.549999838938281016e+02 5.752061053128892354e+01 5.368723961688785954e-06
2.549999946312760244e+02 5.758435339088605076e+01 2.630674741227505210e-04
2.549999248378645405e+02 5.794674225830004843e+01 3.221234377013271742e-05
2.549999516814843332e+02 5.817568612292230057e+01 2.147489584675514381e-05
2.549999516814843332e+02 5.852108297899755485e+01 2.684361980844392892e-05
2.549999785251041544e+02 5.885406197654941707e+01 0.000000000000000000e+00
2.550000000000000000e+02 5.893980049821758627e+01 5.368723961688785954e-06
2.549999463127603860e+02 5.940064639436499050e+01 3.758106773182149913e-05
2.549999624189322560e+02 5.953069299488897315e+01 0.000000000000000000e+00
2.550000000000000000e+02 5.978315723918738911e+01 8.589958338702057526e-05
2.549999731563801788e+02 5.990590237512348182e+01 1.717991667740411505e-04
2.549999463127603860e+02 5.974078726968173925e+01 0.000000000000000000e+00
2.549999516814843332e+02 5.946423892969119152e+01 1.073744792337757191e-05
2.550000000000000000e+02 5.916203882661169189e+01 1.073744792337757191e-05
2.549999463127603860e+02 5.920024266632307075e+01 1.449555469655972148e-04
2.549999624189322560e+02 5.952980715543529300e+01 4.831851565519906935e-05
2.550000000000000000e+02 5.961851458145427785e+01 1.073744792337757191e-05
2.549999946312760244e+02 5.888566228578791595e+01 0.000000000000000000e+00
2.549999946312760244e+02 5.721370205729502345e+01 5.368723961688785954e-06
2.549999838938281016e+02 5.593347614139071311e+01 1.073744792337757191e-05
2.550000000000000000e+02 5.540932225228707608e+01 2.147489584675514381e-05
2.550000000000000000e+02 5.546097474552248485e+01 0.000000000000000000e+00
2.550000000000000000e+02 5.543862474766997650e+01 1.610617188506635871e-05
2.549999892625520772e+02 5.563044388609715440e+01 1.610617188506635871e-05
2.549999892625520772e+02 5.531688356311472177e+01 1.610617188506635871e-05
2.549999463127603860e+02 5.555997401537602798e+01 0.000000000000000000e+00
2.549999946312760244e+02 5.591491109393119530e+01 1.664304428123523688e-04
2.549999838938281016e+02 5.571409934286818810e+01 5.368723961688785954e-06
2.550000000000000000e+02 5.585533436412833197e+01 5.368723961688785954e-06
2.549999677876562316e+02 5.629715350255550987e+01 4.831851565519906935e-05
2.549999677876562316e+02 5.675208843362109690e+01 5.905596357857664634e-05
2.550000000000000000e+02 5.720438732122148906e+01 7.516213546364299827e-05
2.549999892625520772e+02 5.764318386805823735e+01 0.000000000000000000e+00
2.549999838938281016e+02 5.781292681355495233e+01 9.663703131039813870e-05
2.550000000000000000e+02 5.760934480092771537e+01 5.905596357857664634e-05
2.549998657819009509e+02 5.798357170467723165e+01 6.442468754026543483e-05
2.549999892625520772e+02 5.808901344328479865e+01 1.073744792337757191e-05
2.550000000000000000e+02 5.799287570330283614e+01 2.684361980844392892e-05
2.549998818880728493e+02 5.833377356869819153e+01 0.000000000000000000e+00
2.549999946312760244e+02 5.845202508267834673e+01 1.073744792337757191e-05
2.550000000000000000e+02 5.812790447966327179e+01 3.758106773182149913e-05
2.549999892625520772e+02 5.821143645578318626e+01 4.294979169351028763e-05
2.549999892625520772e+02 5.850415539234634821e+01 2.147489584675514381e-05
2.549999946312760244e+02 5.894121247261950458e+01 9.126830734870935698e-05
2.549999516814843332e+02 5.918611218485590086e+01 1.610617188506635871e-04
2.550000000000000000e+02 5.966559829059828957e+01 5.368723961688785954e-06
2.549999892625520772e+02 6.027782609629343114e+01 1.234806511188420608e-04
2.549999248378645405e+02 6.046692329167203894e+01 5.368723961688785954e-06
2.549999892625520772e+02 6.067419898638491560e+01 6.979341150195421655e-05
2.549999355753124632e+02 6.087313705278529596e+01 1.503242709272859965e-04
2.550000000000000000e+02 6.147353219086887322e+01 1.610617188506635871e-05
2.550000000000000000e+02 6.222019821328866840e+01 0.000000000000000000e+00
2.549999946312760244e+02 6.238200618477000603e+01 0.000000000000000000e+00
2.550000000000000000e+02 6.285785229566636900e+01 5.905596357857664634e-05
2.549999892625520772e+02 5.793685306876261620e+01 3.758106773182149913e-05
2.549999302065884876e+02 5.698352875488554048e+01 0.000000000000000000e+00
2.550000000000000000e+02 5.563240347034317068e+01 6.979341150195421655e-05
2.549999302065884876e+02 5.432407765322338378e+01 2.147489584675514381e-05
2.549999946312760244e+02 5.410269295193918282e+01 0.000000000000000000e+00
2.549999785251041544e+02 5.404296589786539329e+01 5.368723961688785784e-05
2.550000000000000000e+02 5.425928789245372030e+01 1.073744792337757191e-05
2.549999355753124632e+02 5.393462504831851589e+01 3.758106773182149913e-05
2.549999892625520772e+02 5.392361379547309497e+01 3.221234377013271742e-05
2.549999838938281016e+02 5.383971674612378422e+01 5.905596357857664634e-05
2.550000000000000000e+02 5.383088519520680393e+01 3.758106773182149913e-05
2.549999892625520772e+02 5.341353670059699965e+01 5.368723961688785784e-05
2.550000000000000000e+02 5.295234183739209044e+01 3.221234377013271742e-05
2.549999731563801788e+02 5.260078705493278051e+01 5.368723961688785954e-06
2.549999785251041544e+02 5.265431323283082321e+01 0.000000000000000000e+00
2.550000000000000000e+02 5.264483206631447842e+01 1.610617188506635871e-05
2.549999892625520772e+02 5.280928681870892660e+01 4.294979169351028763e-05
2.549998443070051053e+02 5.282402933470772410e+01 2.308551303526177765e-04
2.549999355753124632e+02 5.295084933213073697e+01 0.000000000000000000e+00
2.549999892625520772e+02 5.320871451273461616e+01 5.905596357857664634e-05
2.549999409440364104e+02 5.375498754456040729e+01 3.113859897779495565e-04
2.550000000000000000e+02 5.397946999957050451e+01 3.758106773182149913e-05
2.549999731563801788e+02 5.426688463685950836e+01 0.000000000000000000e+00
2.549999785251041544e+02 5.463524889404286711e+01 4.831851565519906935e-05
2.550000000000000000e+02 5.510976356139672561e+01 0.000000000000000000e+00
2.550000000000000000e+02 5.556987394236138300e+01 0.000000000000000000e+00
2.550000000000000000e+02 5.584234742086501058e+01 0.000000000000000000e+00
2.549999946312760244e+02 5.626453850448825023e+01 1.610617188506635871e-05
2.549999946312760244e+02 5.761660331572392124e+01 1.073744792337757191e-05
2.549999570502083088e+02 5.858035369153459726e+01 0.000000000000000000e+00
2.550000000000000000e+02 5.882307907056650720e+01 1.610617188506635871e-05
2.550000000000000000e+02 5.902896963449727252e+01 3.758106773182149913e-05
2.549999892625520772e+02 5.917993815229996102e+01 4.831851565519906935e-05
2.549999087316926420e+02 5.811125069793411768e+01 4.831851565519906935e-05
2.550000000000000000e+02 5.708653309281449850e+01 4.294979169351028763e-05
2.550000000000000000e+02 5.631863376712622937e+01 0.000000000000000000e+00
2.549999892625520772e+02 5.617957844779452614e+01 0.000000000000000000e+00
2.550000000000000000e+02 5.622062234248164003e+01 0.000000000000000000e+00
2.549999946312760244e+02 5.607808272129879867e+01 5.905596357857664634e-05
2.550000000000000000e+02 5.600205622127732852e+01 1.073744792337757157e-04
2.549999946312760244e+02 5.616076107030880848e+01 0.000000000000000000e+00
2.550000000000000000e+02 5.667161663015934181e+01 1.020057552720869340e-04
2.550000000000000000e+02 5.709191792294807044e+01 1.610617188506635871e-05
2.549999892625520772e+02 5.674642442984151813e+01 2.684361980844392892e-05
2.549999785251041544e+02 5.680324163552806738e+01 0.000000000000000000e+00
2.550000000000000000e+02 5.673900485332646326e+01 1.610617188506635871e-05
2.550000000000000000e+02 5.659973478503628996e+01 0.000000000000000000e+00
2.549999033629686949e+02 5.687873663187733797e+01 2.040115105441738679e-04
2.549999892625520772e+02 5.720505304299274485e+01 0.000000000000000000e+00
2.550000000000000000e+02 5.776866705321479145e+01 0.000000000000000000e+00
2.550000000000000000e+02 5.799471717562170170e+01 4.831851565519906935e-05
2.549999785251041544e+02 5.788066400377957876e+01 0.000000000000000000e+00
2.549999409440364104e+02 5.810816905038010560e+01 2.684361980844392892e-05
2.549999355753124632e+02 5.834357148992827291e+01 5.368723961688785954e-06
2.550000000000000000e+02 5.849027724090537816e+01 2.147489584675514381e-05
2.549999946312760244e+02 5.894620538590388037e+01 0.000000000000000000e+00
2.549999892625520772e+02 5.907985440020615897e+01 5.368723961688785954e-06
2.550000000000000000e+02 5.946385238156594966e+01 1.073744792337757191e-05
2.549999946312760244e+02 5.944794485246746518e+01 2.684361980844392892e-05
2.549999677876562316e+02 5.973061353777433879e+01 9.663703131039813870e-05
2.550000000000000000e+02 5.975122406906326233e+01 4.831851565519906935e-05
2.550000000000000000e+02 6.024328909504789209e+01 0.000000000000000000e+00
2.550000000000000000e+02 6.067714641583988566e+01 5.905596357857664634e-05
2.550000000000000000e+02 6.089356504745951781e+01 1.073744792337757157e-04
2.550000000000000000e+02 6.103402697246918507e+01 1.610617188506635871e-05
2.549999946312760244e+02 6.096050229781385354e+01 1.073744792337757191e-05
2.550000000000000000e+02 6.118499549027187356e+01 3.221234377013271742e-05
2.549999838938281016e+02 6.127291908259245190e+01 3.758106773182149913e-05
2.549999463127603860e+02 6.138853992183138075e+01 5.368723961688785954e-06
2.550000000000000000e+02 6.119939977666108177e+01 4.294979169351028763e-05
2.550000000000000000e+02 6.007827599536142316e+01 0.000000000000000000e+00
2.549999946312760244e+02 5.818565047459519946e+01 0.000000000000000000e+00
2.549999892625520772e+02 5.709228836490142811e+01 5.368723961688785954e-06
2.549999838938281016e+02 5.657005111025211619e+01 0.000000000000000000e+00
2.549999838938281016e+02 5.652496456642185052e+01 0.000000000000000000e+00
2.549999785251041544e+02 5.561217948717948900e+01 2.147489584675514381e-05
2.549999946312760244e+02 5.478745758708070213e+01 0.000000000000000000e+00
2.549999785251041544e+02 5.432481853713009201e+01 1.664304428123523688e-04
2.549999516814843332e+02 5.418887707769617634e+01 6.442468754026543483e-05
2.550000000000000000e+02 5.426294399347163022e+01 9.126830734870935698e-05
2.549998657819009509e+02 5.445682472190009804e+01 4.241291929734140810e-04
2.549999731563801788e+02 5.419877700468152426e+01 1.181119271571532927e-04
2.549999785251041544e+02 5.407176910191985542e+01 2.684361980844392892e-05
2.549999946312760244e+02 5.445575634583172331e+01 5.368723961688785954e-06
2.549999892625520772e+02 5.464834858050938493e+01 4.831851565519906935e-05
2.549999731563801788e+02 5.498789889619035165e+01 5.905596357857664634e-05
2.549999302065884876e+02 5.515331465017394663e+01 0.000000000000000000e+00
2.549999463127603860e+02 5.500070330283897846e+01 1.610617188506635871e-05
2.550000000000000000e+02 5.549556006528368357e+01 0.000000000000000000e+00
2.550000000000000000e+02 5.580256517630889590e+01 5.368723961688785954e-06
2.550000000000000000e+02 5.584949856118198142e+01 0.000000000000000000e+00
2.549999624189322560e+02 5.620757634325473617e+01 2.147489584675514381e-05
2.550000000000000000e+02 5.656902568397543263e+01 0.000000000000000000e+00
2.550000000000000000e+02 5.681312545634153821e+01 5.368723961688785954e-06
2.549999838938281016e+02 5.704669179229480847e+01 0.000000000000000000e+00
2.549999785251041544e+02 5.702557660095348524e+01 0.000000000000000000e+00
2.550000000000000000e+02 5.731998668556457233e+01 0.000000000000000000e+00
2.549997959884894669e+02 5.745793604776017105e+01 6.979341150195421655e-05
2.549999946312760244e+02 5.801996628441352044e+01 1.610617188506635871e-05
2.549999677876562316e+02 5.862227805695142280e+01 5.368723961688785784e-05
2.550000000000000000e+02 5.877964609371644400e+01 3.758106773182149913e-05
2.549999946312760244e+02 5.906080079886612566e+01 1.288493750805308697e-04
2.550000000000000000e+02 5.969665635871665899e+01 1.610617188506635871e-05
2.549999677876562316e+02 6.010807241334879336e+01 4.294979169351028763e-05
2.549995329210153443e+02 6.008185693424386642e+01 1.358287162307262805e-03
2.550000000000000000e+02 6.053893398617016430e+01 1.288493750805308697e-04
2.549999838938281016e+02 6.071517308766052423e+01 3.221234377013271742e-05
2.550000000000000000e+02 6.058153481080616842e+01 1.073744792337757191e-05
2.549999677876562316e+02 6.072198599836790578e+01 2.147489584675514381e-05
2.549999892625520772e+02 6.107394880384830316e+01 2.147489584675514381e-05
2.549999677876562316e+02 6.171889898208993941e+01 5.368723961688785784e-05
2.549999624189322560e+02 6.201991259717390648e+01 0.000000000000000000e+00
2.549999731563801788e+02 6.229099020744749282e+01 6.442468754026543483e-05
2.549999838938281016e+02 6.174689687755014234e+01 1.073744792337757157e-04
2.549999302065884876e+02 6.020525168577932362e+01 7.516213546364299827e-05
2.549999946312760244e+02 5.861318343856031987e+01 5.905596357857664634e-05
2.549999892625520772e+02 5.759702357943564266e+01 4.831851565519906935e-05
2.550000000000000000e+02 5.740765794785895082e+01 1.932740626207962774e-04
2.549999946312760244e+02 5.735466327363312189e+01 7.516213546364299827e-05
2.549999409440364104e+02 5.691197440192414803e+01 1.073744792337757191e-05
2.549999248378645405e+02 5.640523665335223313e+01 0.000000000000000000e+00
2.549999570502083088e+02 5.588521131297513023e+01 1.073744792337757191e-05
2.549999570502083088e+02 5.586818172056865706e+01 3.221234377013271742e-05
2.550000000000000000e+02 5.601885495855345454e+01 2.147489584675514381e-05
2.549999946312760244e+02 5.592673302409482972e+01 2.684361980844392892e-05
2.549999946312760244e+02 5.588515225701155487e+01 0.000000000000000000e+00
2.550000000000000000e+02 5.618164540651977745e+01 5.368723961688785954e-06
2.549999516814843332e+02 5.626693832409912943e+01 2.684361980844392892e-05
2.549999892625520772e+02 5.680342417214276196e+01 5.368723961688785954e-06
2.549998711506249265e+02 5.697591590430786113e+01 2.308551303526177765e-04
2.550000000000000000e+02 5.701950457415281193e+01 1.073744792337757157e-04
2.549998711506249265e+02 5.744366597946999775e+01 1.610617188506635871e-05
2.549999946312760244e+02 5.766957651505390459e+01 4.831851565519906935e-05
2.549999946312760244e+02 5.813371880771378386e+01 2.684361980844392892e-05
2.550000000000000000e+02 5.855296246188206055e+01 1.986427865824850862e-04
2.549999355753124632e+02 5.885468474852896748e+01 5.905596357857664634e-05
2.550000000000000000e+02 5.915485010522699127e+01 3.221234377013271742e-05
2.550000000000000000e+02 5.947739767212129181e+01 2.684361980844392892e-05
2.549999463127603860e+02 6.010846433019799662e+01 0.000000000000000000e+00
2.549999946312760244e+02 6.058695185328350874e+01 9.663703131039813870e-05
2.549999624189322560e+02 6.112911244255465704e+01 3.382296095863935193e-04
2.549999785251041544e+02 6.110463106128935351e+01 8.589958338702057526e-05
2.549999624189322560e+02 6.096548447365029944e+01 5.905596357857664634e-05
2.550000000000000000e+02 6.131661512691663773e+01 0.000000000000000000e+00
2.550000000000000000e+02 6.163206524073358139e+01 0.000000000000000000e+00
2.550000000000000000e+02 6.181999205428853372e+01 5.368723961688785954e-06
2.550000000000000000e+02 6.191017587939698785e+01 1.073744792337757191e-05
2.550000000000000000e+02 6.272119142722157648e+01 1.073744792337757191e-05
2.549999946312760244e+02 6.309940729287463057e+01 2.684361980844392892e-05
2.549999892625520772e+02 6.320658849804578239e+01 2.147489584675514381e-05
2.550000000000000000e+02 6.366466413262895685e+01 0.000000000000000000e+00
2.550000000000000000e+02 6.414039750032212339e+01 6.442468754026543483e-05
2.549999409440364104e+02 6.419194798780226563e+01 0.000000000000000000e+00
2.549999946312760244e+02 6.468897371472748148e+01 2.684361980844392892e-05
2.550000000000000000e+02 6.506762981574539140e+01 2.201176824292402131e-04
2.549999785251041544e+02 5.883580831507967446e+01 5.368723961688785784e-05
2.549999624189322560e+02 5.721880771378258856e+01 0.000000000000000000e+00
2.549999731563801788e+02 5.614433814371000153e+01 5.368723961688785784e-05
2.550000000000000000e+02 5.564325903019370401e+01 4.294979169351028763e-05
2.549996027144268282e+02 5.565958531976119872e+01 1.181119271571532927e-04
2.549999570502083088e+02 5.567256152557660442e+01 6.442468754026543483e-05
2.550000000000000000e+02 5.543568805566292923e+01 5.905596357857664634e-05
2.550000000000000000e+02 5.507079199415883153e+01 1.020057552720869340e-04
2.549999785251041544e+02 5.498629364772580885e+01 3.758106773182149913e-05
2.549999946312760244e+02 5.494115341665592922e+01 0.000000000000000000e+00
2.549999892625520772e+02 5.463398187518790650e+01 6.442468754026543483e-05
2.550000000000000000e+02 5.449741764377442621e+01 8.589958338702057526e-05
2.549999248378645405e+02 5.479621934458617716e+01 5.368723961688785784e-05
2.549999946312760244e+02 5.492589550315680924e+01 3.704419533565262096e-04
2.549999946312760244e+02 5.522937336253919227e+01 0.000000000000000000e+00
2.549999785251041544e+02 5.560500150324271118e+01 1.610617188506635871e-05
2.550000000000000000e+02 5.623848408710217939e+01 0.000000000000000000e+00
2.549999677876562316e+02 5.646362689515955680e+01 2.147489584675514381e-05
2.550000000000000000e+02 5.707856590645535277e+01 0.000000000000000000e+00
2.549999248378645405e+02 5.728672744062190958e+01 0.000000000000000000e+00
2.549999355753124632e+02 5.731135914615813931e+01 5.368723961688785784e-05
2.549999946312760244e+02 5.758040201005024983e+01 1.556929948889747783e-04
2.549999677876562316e+02 5.777486792939054538e+01 8.589958338702057526e-05
2.549999838938281016e+02 5.778550337155864725e+01 0.000000000000000000e+00
2.549999838938281016e+02 5.774946849632779333e+01 1.073744792337757157e-04
2.549999946312760244e+02 5.779835072799897233e+01 9.663703131039813870e-05
2.549999463127603860e+02 5.785472232959670436e+01 1.073744792337757191e-05
2.549999087316926420e+02 5.843416333805780738e+01 9.126830734870935698e-05
2.549999838938281016e+02 5.891416484130051856e+01 5.368723961688785954e-06
2.549999731563801788e+02 5.916714985182321840e+01 5.368723961688785954e-06
2.549999785251041544e+02 5.944329016879267868e+01 1.073744792337757191e-05
2.550000000000000000e+02 5.980150753768844396e+01 2.147489584675514381e-05
2.549999355753124632e+02 5.999913026671820404e+01 1.610617188506635871e-05
2.549999892625520772e+02 6.042770476313189931e+01 0.000000000000000000e+00
2.549999892625520772e+02 6.059562234248164003e+01 1.932740626207962774e-04
2.549999946312760244e+02 6.048297040759351972e+01 0.000000000000000000e+00
2.549999946312760244e+02 6.033673173560108438e+01 2.684361980844392892e-05
2.550000000000000000e+02 6.066348838208134708e+01 5.368723961688785954e-06
2.549999838938281016e+02 6.090619228621741144e+01 0.000000000000000000e+00
2.549999946312760244e+02 6.112082313275780621e+01 4.831851565519906935e-05
2.550000000000000000e+02 6.112474230124983876e+01 0.000000000000000000e+00
2.550000000000000000e+02 5.990035111454709238e+01 1.503242709272859965e-04
2.549999570502083088e+02 5.836253919168492388e+01 0.000000000000000000e+00
2.550000000000000000e+02 5.703631404887686074e+01 1.073744792337757191e-05
2.550000000000000000e+02 5.618103337198814273e+01 1.073744792337757191e-05
2.549998657819009509e+02 5.593783017652364720e+01 2.576987501610617393e-04
2.549999570502083088e+02 5.576915560709530695e+01 5.368723961688785784e-05
2.550000000000000000e+02 5.566225357557016196e+01 1.610617188506635871e-05
2.550000000000000000e+02 5.523509642228235350e+01 9.663703131039813870e-05
2.550000000000000000e+02 5.520050573379719339e+01 5.368723961688785954e-06
2.550000000000000000e+02 5.518908108920671651e+01 0.000000000000000000e+00
2.550000000000000000e+02 5.514860627925954617e+01 0.000000000000000000e+00
2.550000000000000000e+02 5.534222930893785275e+01 0.000000000000000000e+00
2.550000000000000000e+02 5.559717927243053026e+01 1.610617188506635871e-05
2.549999785251041544e+02 5.534337821586565553e+01 5.368723961688785954e-06
2.549999892625520772e+02 5.543116759008718475e+01 0.000000000000000000e+00
2.549999731563801788e+02 5.572862174118455414e+01 0.000000000000000000e+00
2.549999892625520772e+02 5.614654468925825626e+01 2.147489584675514381e-05
2.550000000000000000e+02 5.646963986599664764e+01 0.000000000000000000e+00
2.550000000000000000e+02 5.661724756259932434e+01 0.000000000000000000e+00
2.550000000000000000e+02 5.686648520379676341e+01 3.221234377013271742e-05
2.550000000000000000e+02 5.726879590258987207e+01 5.368723961688785954e-06
2.549999570502083088e+02 5.723944508869131909e+01 1.073744792337757191e-05
2.549999946312760244e+02 5.765743783017652646e+01 5.368723961688785954e-06
2.549999785251041544e+02 5.779857621440535809e+01 2.147489584675514381e-05
2.549999838938281016e+02 5.795688377786368051e+01 1.073744792337757191e-05
2.549999946312760244e+02 5.814666816990937548e+01 7.516213546364299827e-05
2.550000000000000000e+02 5.778217476270240383e+01 5.368723961688785784e-05
2.550000000000000000e+02 5.809642228235193073e+01 4.831851565519906935e-05
2.550000000000000000e+02 5.854610660138298073e+01 0.000000000000000000e+00
2.550000000000000000e+02 5.854402890520980662e+01 0.000000000000000000e+00
2.549999785251041544e+02 5.898536485848043753e+01 5.368723961688785954e-06
2.549999087316926420e+02 5.900278636773611396e+01 1.879053386591074957e-04
2.549999302065884876e+02 5.914209401709401703e+01 0.000000000000000000e+00
2.549999892625520772e+02 5.958214147661384175e+01 2.684361980844392892e-05
2.549999302065884876e+02 5.994372503543358022e+01 2.684361980844392892e-05
2.550000000000000000e+02 6.042735042735042583e+01 0.000000000000000000e+00
2.550000000000000000e+02 6.063540995576171611e+01 4.831851565519906935e-05
2.549998926255207721e+02 6.071075999656401478e+01 1.288493750805308697e-04
2.550000000000000000e+02 6.094497594811664953e+01 6.442468754026543483e-05
2.549999892625520772e+02 5.975928789245372030e+01 5.368723961688785784e-05
2.549999570502083088e+02 5.788558175492848790e+01 1.073744792337757191e-05
2.549999570502083088e+02 5.663978009706652728e+01 1.073744792337757191e-05
2.549999946312760244e+02 5.573998196108748715e+01 0.000000000000000000e+00
2.549999194691405648e+02 5.574163015934372822e+01 8.589958338702057526e-05
2.550000000000000000e+02 5.574233883090666808e+01 0.000000000000000000e+00
2.550000000000000000e+02 5.535055619980243335e+01 2.684361980844392892e-05
2.549999946312760244e+02 5.501678799982820323e+01 4.831851565519906935e-05
2.550000000000000000e+02 5.520651333591032284e+01 1.610617188506635871e-05
2.549999892625520772e+02 5.512594489541725551e+01 5.905596357857664634e-05
2.550000000000000000e+02 5.539830563071769376e+01 0.000000000000000000e+00
2.549998496757290809e+02 5.516188313361680429e+01 4.831851565519906935e-05
2.549999892625520772e+02 5.521310076021131152e+01 1.020057552720869340e-04
2.549999946312760244e+02 5.544552355796074039e+01 5.368723961688785954e-06
2.550000000000000000e+02 5.565777605978610865e+01 3.758106773182149913e-05
2.549999838938281016e+02 5.583195357127517866e+01 1.610617188506635871e-05
2.549999892625520772e+02 5.625544925482111580e+01 5.905596357857664634e-05
2.549999785251041544e+02 5.677140510243525284e+01 0.000000000000000000e+00
2.549999892625520772e+02 5.698177318215006437e+01 2.147489584675514381e-05
2.550000000000000000e+02 5.727477666108319454e+01 5.368723961688785954e-06
2.549999624189322560e+02 5.744963600051539743e+01 4.294979169351028763e-05
2.549999785251041544e+02 5.760078705493278051e+01 6.442468754026543483e-05
2.549998979942447193e+02 5.770193381437100300e+01 5.368723961688785784e-05
2.549999624189322560e+02 5.791873899411587701e+01 5.905596357857664634e-05
2.549999355753124632e+02 5.814978202980715594e+01 7.516213546364299827e-05
2.549997745135936214e+02 5.865977859382382320e+01 3.221234377013271742e-04
2.549999141004166177e+02 5.875146566164153938e+01 5.905596357857664634e-05
2.549999731563801788e+02 5.928069836361293454e+01 5.368723961688785954e-06
2.549999731563801788e+02 5.956744727913069681e+01 5.368723961688785954e-06
2.550000000000000000e+02 5.989912704548383005e+01 5.368723961688785954e-06
2.549999785251041544e+02 6.019011725293132287e+01 2.684361980844392892e-05
2.549999785251041544e+02 6.033170124124897882e+01 0.000000000000000000e+00
2.550000000000000000e+02 6.056764055319331419e+01 0.000000000000000000e+00
2.549999892625520772e+02 6.116785852338615825e+01 1.610617188506635871e-05
2.550000000000000000e+02 6.133083150796718286e+01 2.147489584675514381e-05
2.549999892625520772e+02 6.124167847785938079e+01 0.000000000000000000e+00
2.549999785251041544e+02 6.152306940686337811e+01 0.000000000000000000e+00
2.550000000000000000e+02 6.165493600481037362e+01 0.000000000000000000e+00
2.550000000000000000e+02 6.179336318343855794e+01 1.610617188506635871e-05
2.550000000000000000e+02 6.181738285444315295e+01 3.221234377013271742e-05
2.549999946312760244e+02 6.169056285702014009e+01 5.905596357857664634e-05
2.549999838938281016e+02 6.034054352961388190e+01 1.610617188506635871e-05
2.549999033629686949e+02 5.882332066314478425e+01 2.684361980844392892e-05
2.549999677876562316e+02 5.779669179229480847e+01 1.288493750805308697e-04
2.549999785251041544e+02 5.718034617532104846e+01 2.147489584675514381e-05
2.549999838938281016e+02 5.707786797234033571e+01 4.831851565519906935e-05
2.549999463127603860e+02 5.707518361035948828e+01 0.000000000000000000e+00
2.549997959884894669e+02 5.713653201906970480e+01 4.831851565519906935e-05
2.549999946312760244e+02 5.712020572950221009e+01 2.093802345058626497e-04
2.549999194691405648e+02 5.718636988360606210e+01 4.294979169351028763e-05
2.550000000000000000e+02 5.757742773697547278e+01 5.368723961688785954e-06
2.549999838938281016e+02 5.774366490572520405e+01 2.147489584675514381e-05
2.549999892625520772e+02 5.786306532663316915e+01 2.684361980844392892e-05
2.550000000000000000e+02 5.801332517287291068e+01 2.147489584675514381e-05
2.549998550444530281e+02 5.851544581883777596e+01 2.684361980844392892e-05
2.549999892625520772e+02 5.896088347721513401e+01 0.000000000000000000e+00
2.549999838938281016e+02 5.916069664562127173e+01 0.000000000000000000e+00
2.550000000000000000e+02 5.941909869862131188e+01 3.221234377013271742e-05
2.549999838938281016e+02 5.962905875531503597e+01 0.000000000000000000e+00
2.549999677876562316e+02 5.963767018854958479e+01 0.000000000000000000e+00
2.550000000000000000e+02 6.002749860413177174e+01 9.663703131039813870e-05
2.549999785251041544e+02 6.021318665979470097e+01 7.516213546364299827e-05
2.549999785251041544e+02 6.030161491216767899e+01 0.000000000000000000e+00
2.549999892625520772e+02 6.071397586221706888e+01 6.979341150195421655e-05
2.549999785251041544e+02 6.080346175321049884e+01 2.093802345058626497e-04
2.550000000000000000e+02 6.110716509899926763e+01 0.000000000000000000e+00
2.549999892625520772e+02 6.140814650173946632e+01 4.831851565519906935e-05
2.549999946312760244e+02 6.148964910020186636e+01 0.000000000000000000e+00
2.549999946312760244e+02 6.171044861057423958e+01 4.831851565519906935e-05
2.549999892625520772e+02 6.189817141261865174e+01 0.000000000000000000e+00
2.549999892625520772e+02 6.210853949233346327e+01 5.368723961688785954e-06
2.549999892625520772e+02 6.205026199372932894e+01 3.221234377013271742e-05
2.550000000000000000e+02 6.228232508697333003e+01 2.147489584675514381e-05
2.549999946312760244e+02 6.246844800927715369e+01 3.758106773182149913e-05
2.549999946312760244e+02 6.276476935961860448e+01 3.758106773182149913e-05
2.550000000000000000e+02 6.280871773396899016e+01 5.368723961688785954e-06
2.550000000000000000e+02 5.753246467379633344e+01 5.368723961688785954e-06
2.550000000000000000e+02 5.659679809302924980e+01 2.147489584675514381e-05
2.549999892625520772e+02 5.513017544989907037e+01 2.147489584675514381e-05
2.549999946312760244e+02 5.390096851780268850e+01 2.684361980844392892e-05
2.549999677876562316e+02 5.358300584117166920e+01 8.053085942533179354e-05
2.549999731563801788e+02 5.368530687626164877e+01 3.758106773182149913e-05
2.549999677876562316e+02 5.330938345574023884e+01 6.442468754026543483e-05
2.550000000000000000e+02 5.289416097581926834e+01 3.221234377013271742e-05
2.549999946312760244e+02 5.262259481166516650e+01 4.831851565519906935e-05
2.549999463127603860e+02 5.240719623759824941e+01 3.113859897779495565e-04
2.549998979942447193e+02 5.231825258772494891e+01 6.442468754026543483e-05
2.549999946312760244e+02 5.247504080230211088e+01 3.758106773182149913e-05
2.550000000000000000e+02 5.214017201391573053e+01 0.000000000000000000e+00
2.550000000000000000e+02 5.191129257398101515e+01 0.000000000000000000e+00
2.549999946312760244e+02 5.164598097324228121e+01 3.435983335480823010e-04
2.549993342782287584e+02 5.192360842674913357e+01 7.301464587896748558e-04
2.550000000000000000e+02 5.220109629343297541e+01 1.073744792337757191e-05
2.550000000000000000e+02 5.317870334578877589e+01 1.610617188506635871e-05
2.550000000000000000e+02 5.310164068204269228e+01 0.000000000000000000e+00
2.550000000000000000e+02 5.325145492419361659e+01 3.758106773182149913e-05
2.550000000000000000e+02 5.342333462182708104e+01 7.516213546364299827e-05
2.549999892625520772e+02 5.371439999141004051e+01 0.000000000000000000e+00
2.550000000000000000e+02 5.381127861529871836e+01 5.368723961688785954e-06
2.550000000000000000e+02 5.406381802173259388e+01 1.610617188506635871e-05
2.550000000000000000e+02 5.439964244298415252e+01 2.147489584675514381e-05
2.549999677876562316e+02 5.458347828888030051e+01 5.368723961688785954e-06
2.549999731563801788e+02 5.489497702186144323e+01 1.610617188506635871e-05
2.549999946312760244e+02 5.510961860584976080e+01 0.000000000000000000e+00
2.549999892625520772e+02 5.546885066357427974e+01 0.000000000000000000e+00
2.549999946312760244e+02 5.607283747798823015e+01 8.053085942533179354e-05
2.549999946312760244e+02 5.694741334879525851e+01 4.294979169351028763e-05
2.549999677876562316e+02 5.700463320877894091e+01 1.610617188506635871e-05
2.549999838938281016e+02 5.732550573379719339e+01 1.610617188506635871e-05
2.549999463127603860e+02 5.743670811321565139e+01 5.368723961688785954e-06
2.550000000000000000e+02 5.713180754198342015e+01 0.000000000000000000e+00
2.549999838938281016e+02 5.711252308551303258e+01 4.294979169351028763e-05
2.550000000000000000e+02 5.727492698535412075e+01 3.221234377013271742e-05
2.549999731563801788e+02 5.735887235321908406e+01 9.663703131039813870e-05
2.549999677876562316e+02 5.780539986256066953e+01 2.147489584675514381e-05
2.549999892625520772e+02 5.783574925911609199e+01 1.073744792337757191e-05
2.549999838938281016e+02 5.770500472447708518e+01 3.221234377013271742e-05
2.550000000000000000e+02 5.686118090452261242e+01 3.167547137396383382e-04
2.549999946312760244e+02 5.490282609629343114e+01 3.758106773182149913e-05
2.550000000000000000e+02 5.298460249967787661e+01 1.073744792337757191e-05
2.550000000000000000e+02 5.205480393420091900e+01 1.932740626207962774e-04
2.549999838938281016e+02 5.157383069192114533e+01 0.000000000000000000e+00
2.549999785251041544e+02 5.152858845509599206e+01 1.610617188506635871e-05
2.549999838938281016e+02 5.104287462955804955e+01 1.073744792337757191e-05
2.549999194691405648e+02 5.079951037237469080e+01 6.442468754026543483e-05
2.549999570502083088e+02 5.028526714770433159e+01 5.368723961688785784e-05
2.549999892625520772e+02 5.054524760554911467e+01 0.000000000000000000e+00
2.550000000000000000e+02 5.039807477558733950e+01 2.147489584675514381e-05
2.550000000000000000e+02 5.019444981316840426e+01 1.073744792337757191e-05
2.550000000000000000e+02 5.057334750676459123e+01 0.000000000000000000e+00
2.549997369325258774e+02 5.068710539878881605e+01 1.610617188506635871e-05
2.549997423012498530e+02 5.059554718034617338e+01 5.368723961688785784e-05
2.549997637761456986e+02 5.093309496198943265e+01 0.000000000000000000e+00
2.549999194691405648e+02 5.107863033114289664e+01 1.073744792337757191e-05
2.550000000000000000e+02 5.133194820255121726e+01 0.000000000000000000e+00
2.550000000000000000e+02 5.145721127002533990e+01 2.684361980844392892e-05
2.549999892625520772e+02 5.165326096293433267e+01 6.979341150195421655e-05
2.549999892625520772e+02 5.200155156122492883e+01 6.442468754026543483e-05
2.550000000000000000e+02 5.242995962719580660e+01 5.905596357857664634e-05
2.549999892625520772e+02 5.284384529485031834e+01 1.073744792337757191e-05
2.549999946312760244e+02 5.302778314650173996e+01 2.684361980844392892e-05
2.549999463127603860e+02 5.293359962204183233e+01 1.127432031954644974e-04
2.549999838938281016e+02 5.340297642056435734e+01 0.000000000000000000e+00
2.549999731563801788e+02 5.358172271614482440e+01 1.342180990422196514e-04
2.550000000000000000e+02 5.357765859210582704e+01 1.073744792337757191e-05
2.549998979942447193e+02 5.406848881157926456e+01 5.422411201305673330e-04
2.549999677876562316e+02 5.418806640037795574e+01 1.610617188506635871e-05
2.550000000000000000e+02 5.459523042563243678e+01 1.020057552720869340e-04
2.549999946312760244e+02 5.501218163466906930e+01 6.442468754026543483e-05
2.550000000000000000e+02 5.516774578018296893e+01 2.308551303526177765e-04
2.549999892625520772e+02 5.557442125155692736e+01 0.000000000000000000e+00
2.550000000000000000e+02 5.580449254821114380e+01 5.368723961688785784e-05
2.549999677876562316e+02 5.632725056908473960e+01 4.294979169351028763e-05
2.549999946312760244e+02 5.646307928531546594e+01 2.684361980844392892e-05
2.549999946312760244e+02 5.645621805609242472e+01 0.000000000000000000e+00
2.549999892625520772e+02 5.649836253919168172e+01 5.368723961688785954e-06
2.550000000000000000e+02 5.536630803590602312e+01 2.147489584675514381e-05
2.549999785251041544e+02 5.293840462998754504e+01 2.147489584675514381e-05
2.549999838938281016e+02 5.224809947171755908e+01 5.368723961688785954e-06
2.550000000000000000e+02 5.206121419061117450e+01 6.442468754026543483e-05
2.549999355753124632e+02 5.227130846540394060e+01 3.758106773182149913e-05
2.550000000000000000e+02 5.214819825623845873e+01 0.000000000000000000e+00
2.550000000000000000e+02 5.179914529914530164e+01 5.368723961688785954e-06
2.549999516814843332e+02 5.135008912081776344e+01 0.000000000000000000e+00
2.550000000000000000e+02 5.152408946441610027e+01 3.221234377013271742e-05
2.549999624189322560e+02 5.149064231413477444e+01 2.684361980844392892e-05
2.549999946312760244e+02 5.142568612292230057e+01 4.831851565519906935e-05
2.549999946312760244e+02 5.138572671047545271e+01 3.758106773182149913e-05
2.550000000000000000e+02 5.139725336082120322e+01 0.000000000000000000e+00
2.550000000000000000e+02 5.155600652836833575e+01 0.000000000000000000e+00
2.550000000000000000e+02 5.176933814371000153e+01 0.000000000000000000e+00
2.549999785251041544e+02 5.243033006914916427e+01 3.221234377013271742e-05
2.550000000000000000e+02 5.257866254348666502e+01 3.758106773182149913e-05
2.549999785251041544e+02 5.298710432504402235e+01 5.905596357857664634e-05
2.549999946312760244e+02 5.317734505862646444e+01 2.684361980844392892e-05
2.549999946312760244e+02 5.337573014645879255e+01 1.449555469655972148e-04
2.550000000000000000e+02 5.383748872567968391e+01 4.294979169351028763e-05
2.550000000000000000e+02 5.388516299445947766e+01 2.684361980844392892e-05
2.549999946312760244e+02 5.415165571446978277e+01 3.221234377013271742e-05
2.550000000000000000e+02 5.442647532534467558e+01 0.000000000000000000e+00
2.549999838938281016e+02 5.432205364428982364e+01 7.516213546364299827e-05
2.549999946312760244e+02 5.463567839195980014e+01 0.000000000000000000e+00
2.550000000000000000e+02 5.489962633681226833e+01 4.294979169351028763e-05
2.549999624189322560e+02 5.528238951166086679e+01 5.368723961688785954e-06
2.550000000000000000e+02 5.548620237941845801e+01 5.368723961688785784e-05
2.549999785251041544e+02 5.555763325172873124e+01 3.758106773182149913e-05
2.549999731563801788e+02 5.563027745565433690e+01 6.442468754026543483e-05
2.549999946312760244e+02 5.616425610960786940e+01 5.368723961688785954e-06
2.549999677876562316e+02 5.646755680109951214e+01 6.979341150195421655e-05
2.549999892625520772e+02 5.642849396555426722e+01 5.905596357857664634e-05
2.550000000000000000e+02 5.671461474036851058e+01 5.368723961688785954e-06
2.550000000000000000e+02 5.677554438860971686e+01 2.684361980844392892e-05
2.549999194691405648e+02 5.650842352789589285e+01 1.610617188506635871e-05
2.549999731563801788e+02 5.690743783017652646e+01 4.294979169351028763e-05
2.549999838938281016e+02 5.680783726323927141e+01 1.610617188506635871e-05
2.549999838938281016e+02 5.639679165056049470e+01 0.000000000000000000e+00
2.549999946312760244e+02 5.601328759180518091e+01 4.294979169351028763e-05
2.550000000000000000e+02 5.450091268307348713e+01 0.000000000000000000e+00
2.549999892625520772e+02 5.260874887256796484e+01 0.000000000000000000e+00
2.549999946312760244e+02 5.100062814070351891e+01 5.368723961688785954e-06
2.549999355753124632e+02 5.033481510114675928e+01 5.368723961688785954e-06
2.549999355753124632e+02 5.025242129450672479e+01 1.073744792337757157e-04
2.550000000000000000e+02 4.993692286217412146e+01 3.221234377013271742e-05
2.550000000000000000e+02 4.974793304127474869e+01 9.126830734870935698e-05
2.550000000000000000e+02 4.916287634754971236e+01 3.221234377013271742e-05
2.549998872567967965e+02 4.918483442855302457e+01 1.825366146974187140e-04
2.549999892625520772e+02 4.926071597302752991e+01 5.368723961688785784e-05
2.549999946312760244e+02 4.905971094790190534e+01 5.905596357857664634e-05
2.549999946312760244e+02 4.906608362324442396e+01 0.000000000000000000e+00
2.550000000000000000e+02 4.912144590473736372e+01 3.758106773182149913e-05
2.550000000000000000e+02 4.905051432375552878e+01 0.000000000000000000e+00
2.549990067860670990e+02 4.939884787183782322e+01 5.744534639007001318e-04
2.550000000000000000e+02 4.979325044023536151e+01 0.000000000000000000e+00
2.549999731563801788e+02 5.035892604045870513e+01 0.000000000000000000e+00
2.549999892625520772e+02 5.084228299617746671e+01 0.000000000000000000e+00
2.550000000000000000e+02 5.100963149078727099e+01 0.000000000000000000e+00
2.549999946312760244e+02 5.124614525619550420e+01 0.000000000000000000e+00
2.550000000000000000e+02 5.146808293604775741e+01 3.221234377013271742e-05
2.549999624189322560e+02 5.155891637675557604e+01 1.127432031954644974e-04
2.550000000000000000e+02 5.183043959111797960e+01 2.684361980844392892e-05
2.550000000000000000e+02 5.198153695829574872e+01 5.368723961688785954e-06
2.549999785251041544e+02 5.228790855989348785e+01 4.294979169351028763e-05
2.549999838938281016e+02 5.231854249881887853e+01 8.589958338702057526e-05
2.549999892625520772e+02 5.242290512391014801e+01 5.368723961688785954e-06
2.550000000000000000e+02 5.275464394622686370e+01 0.000000000000000000e+00
2.549999624189322560e+02 5.279119958768200149e+01 5.368723961688785784e-05
2.549998979942447193e+02 5.315027058368767143e+01 2.899110939311944296e-04
2.549999463127603860e+02 5.335944680668298901e+01 1.181119271571532927e-04
2.549999892625520772e+02 5.362018962333032590e+01 9.126830734870935698e-05
2.549999838938281016e+02 5.390781364085383842e+01 3.221234377013271742e-05
2.549999677876562316e+02 5.406465554267062146e+01 0.000000000000000000e+00
2.549999570502083088e+02 5.414154103852596478e+01 6.442468754026543483e-05
2.549999892625520772e+02 5.459992805909891445e+01 1.610617188506635871e-05
2.549999516814843332e+02 5.480181892367821916e+01 9.126830734870935698e-05
2.549999302065884876e+02 5.517468217154146970e+01 1.664304428123523688e-04
2.549999892625520772e+02 5.529970364643731529e+01 5.905596357857664634e-05
2.549999731563801788e+02 5.522985117897178498e+01 1.073744792337757191e-05
2.550000000000000000e+02 5.472256045183181072e+01 2.147489584675514381e-05
2.549998657819009509e+02 5.344837435038439821e+01 4.831851565519906935e-05
2.550000000000000000e+02 5.192734505862646444e+01 1.073744792337757191e-05
2.550000000000000000e+02 5.074882424945239023e+01 2.684361980844392892e-05
2.549999892625520772e+02 5.089676480694068772e+01 0.000000000000000000e+00
2.549998550444530281e+02 5.101217089722114650e+01 4.831851565519906935e-05
2.549999677876562316e+02 5.066634991195292770e+01 1.073744792337757191e-05
2.550000000000000000e+02 5.060124339646952762e+01 0.000000000000000000e+00
2.549999946312760244e+02 5.073618627324657382e+01 2.684361980844392892e-05
2.549998872567967965e+02 5.075737125799939520e+01 1.610617188506635871e-05
2.549999892625520772e+02 5.051061396727225628e+01 0.000000000000000000e+00
2.549999731563801788e+02 5.055389125112743187e+01 5.368723961688785954e-06
2.549999838938281016e+02 5.007822230812180209e+01 1.073744792337757157e-04
2.549999946312760244e+02 4.984593909719537663e+01 8.589958338702057526e-05
2.549999838938281016e+02 5.013885667654511735e+01 8.053085942533179354e-05
2.550000000000000000e+02 5.028110638663402199e+01 2.684361980844392892e-05
2.550000000000000000e+02 5.043013679508654690e+01 5.905596357857664634e-05
2.550000000000000000e+02 5.056592793024953636e+01 0.000000000000000000e+00
2.549999355753124632e+02 5.075188442211054962e+01 2.147489584675514381e-05
2.549999785251041544e+02 5.096369668857106205e+01 3.221234377013271742e-05
2.549999892625520772e+02 5.118670811321565139e+01 5.368723961688785784e-05
