2.494241184634052502e+02 1.155497024609639034e+01 8.948845567915677535e+00
2.493720267288628634e+02 6.366167740810439568e+01 9.837355014810347242e+00
2.492664893784497906e+02 6.315689280602198608e+01 9.842724522690227573e+00
2.493223957160191446e+02 6.335194859610498952e+01 9.787876586087719488e+00
2.493296931121590205e+02 6.341370399164904370e+01 9.768815680803706769e+00
2.493134174725772425e+02 6.330193006803314404e+01 9.679205206267090134e+00
2.493344111100615805e+02 6.343866239431127951e+01 9.593280970338131652e+00
2.494012962384381069e+02 6.360629906003337197e+01 9.538970711114663104e+00
2.493819325868821295e+02 6.364104222220607454e+01 9.525427053891258211e+00
2.493872415455076066e+02 6.363300612516257360e+01 9.552206778125734488e+00
2.494083465936200525e+02 6.372853589480899217e+01 9.570100293784982171e+00
2.493380755509376741e+02 6.339485864171068386e+01 9.380188768355505857e+00
2.493612998229539812e+02 6.377971696856524630e+01 9.344326655961557648e+00
2.493692923245343138e+02 6.407646886436241118e+01 9.250095062329402040e+00
2.493752552151072734e+02 6.409031284588760968e+01 9.167314543688709350e+00
2.493735549920438359e+02 6.434678979963040035e+01 9.138011126530987127e+00
2.493823806513646559e+02 6.418165018515962572e+01 9.149011715069740092e+00
2.493888085602114018e+02 6.442240855246107856e+01 9.180473107654151477e+00
2.494060311901319267e+02 6.427949535829415595e+01 9.165866205523546029e+00
2.493267988577988774e+02 6.442299951318399565e+01 9.040391196622804770e+00
2.492915616137102859e+02 6.454661202701950629e+01 9.010634871042197958e+00
2.493287630756114766e+02 6.441537999501073841e+01 8.991004802766859427e+00
2.493214123961277551e+02 6.467052728712698695e+01 8.960308752758018969e+00
2.493208093255539666e+02 6.484717610387345132e+01 8.947649114648802637e+00
2.493247014316265791e+02 6.496816804597868611e+01 8.995889916611567116e+00
2.493604521333924424e+02 6.503772702942936235e+01 8.986085781339689049e+00
2.493418320266804358e+02 6.528656993317784440e+01 9.002002969335435978e+00
2.493978715726094606e+02 6.541896451087100672e+01 8.903455424849898492e+00
2.493943379181228863e+02 6.535902317098867798e+01 8.881626207654878868e+00
2.493850205988563573e+02 6.537889301431141575e+01 8.862160833351497402e+00
2.493965733965951870e+02 6.556338417048732481e+01 8.858828202389515738e+00
2.494037400063455721e+02 6.575107474926554119e+01 8.829202663198405077e+00
2.494138323560683546e+02 6.583703531474714055e+01 8.830634047572338829e+00
2.493948247341282354e+02 6.580291944284998351e+01 8.890749769307340955e+00
2.494268044283302572e+02 6.569098324723229609e+01 8.849307437628212369e+00
2.494093759309447762e+02 6.605901856924533888e+01 8.853005786086750817e+00
2.493938099286245347e+02 6.598093909471599261e+01 8.851082741767118733e+00
2.493950596652352942e+02 6.584045271466527538e+01 8.813399307800922955e+00
2.493751970878230679e+02 6.575285731931496969e+01 8.834916090843258019e+00
2.493871858401935526e+02 6.555928861891995041e+01 8.811033042939108384e+00
2.493988306727991073e+02 6.551197785350471747e+01 8.737993688345721210e+00
2.493897071111466346e+02 6.552826560293736691e+01 8.758386677226456030e+00
2.493889175488693013e+02 6.550949291210427816e+01 8.751844935781461388e+00
2.493966775413127550e+02 6.598800882565932113e+01 8.738294012647529030e+00
2.494284901195726718e+02 6.604694504791868326e+01 8.706631596538519702e+00
2.494261286986512118e+02 6.610523702611125429e+01 8.702259940371094515e+00
2.494326752840365486e+02 6.590683165127504139e+01 8.687229193459712562e+00
2.494385073882200174e+02 6.582521852225912085e+01 8.676763860329824496e+00
2.494246004354702393e+02 6.597713660153988258e+01 8.680522758042757303e+00
2.494171867847619239e+02 6.596124847718624551e+01 8.700552451397113529e+00
2.494107080145415125e+02 6.587185355799527997e+01 8.696209858871798204e+00
2.493986732447376653e+02 6.593024241499490756e+01 8.723173652839639303e+00
2.494331499901910263e+02 6.603928435625243765e+01 8.702097668369312089e+00
2.494252083499843877e+02 6.597707847425566285e+01 8.707377563352684646e+00
2.494141544781017501e+02 6.612486225044624177e+01 8.761290619467311913e+00
2.494345765306246108e+02 6.608752031427485463e+01 8.732810672169382116e+00
2.494439108036823711e+02 6.608280473834244617e+01 8.707813517984339668e+00
2.494382070639182132e+02 6.615336157350557755e+01 8.717479600956194119e+00
2.494682540259199186e+02 6.664209577923257655e+01 8.700441040769023360e+00
2.494570596797670987e+02 6.667969202227243386e+01 8.680651122462078817e+00
2.494430849118523952e+02 6.677854473500013910e+01 8.693707963680134654e+00
2.494406750515274211e+02 6.680900343193174251e+01 8.739313662091564794e+00
2.494438623642788571e+02 6.688719916102952823e+01 8.727426632468448631e+00
2.494341066684104931e+02 6.690322775965336177e+01 8.762443477271020242e+00
2.494405999704519559e+02 6.707727053649061588e+01 8.780155345167079517e+00
2.494325880931102120e+02 6.702502863979732695e+01 8.844979376923951975e+00
2.494362961294494596e+02 6.713741774383790073e+01 8.836008399392570212e+00
2.494316653224732079e+02 6.727741730788326890e+01 8.797072806845456228e+00
2.494230358427366241e+02 6.729439774078622349e+01 8.827081017324353240e+00
2.494370832697566129e+02 6.706083989081759000e+01 8.816855459241875081e+00
2.494438938498911398e+02 6.716096413788760344e+01 8.818979527086103332e+00
2.494649335048088119e+02 6.725196966724551828e+01 8.812561306120075599e+00
2.494911125804396761e+02 6.740684739408118276e+01 8.792659977185040887e+00
2.494835729872822299e+02 6.764548169353842866e+01 8.751128032609406304e+00
2.494935587703172928e+02 6.763261134402391406e+01 8.790000653931947738e+00
2.494464684041880673e+02 6.758379653512946561e+01 8.864941255113384599e+00
2.494303501926677313e+02 6.743368282362970945e+01 8.826538496004960876e+00
2.494195239859816411e+02 6.715571088457616611e+01 8.823242194595616539e+00
2.494014706202907803e+02 6.677593385115055469e+01 8.850612879553001022e+00
2.494185503539709430e+02 6.684248959158317405e+01 8.791618530009420951e+00
2.494387592731183076e+02 6.683004793078977457e+01 8.801386335728661692e+00
2.494320649475522487e+02 6.685824692954730608e+01 8.808707951570283967e+00
2.494299021281852049e+02 6.684602324606974832e+01 8.777273200657807806e+00
2.494342883161736779e+02 6.676659715612261436e+01 8.775551179862771889e+00
2.494509684247748282e+02 6.681351556236936062e+01 8.751217645505914078e+00
2.494603947326992568e+02 6.684612496881713639e+01 8.748514726789654361e+00
2.494548532649369008e+02 6.686902954077022798e+01 8.715859302908544493e+00
2.494688304548217843e+02 6.683832380288069430e+01 8.682443380392212973e+00
2.494508836558186715e+02 6.691388685039731854e+01 8.695739996657680493e+00
2.494678447129602148e+02 6.675613666693308801e+01 8.711666872534131301e+00
2.494639017455139083e+02 6.674812963353168982e+01 8.707447800487784662e+00
2.494828270204680791e+02 6.686243209401119714e+01 8.701625384185019740e+00
2.494722599645907906e+02 6.691200013563033622e+01 8.710090169949646466e+00
2.494897417453201456e+02 6.695150246919860137e+01 8.675303412313780882e+00
2.494699639368640760e+02 6.693788130892956190e+01 8.689258804467081987e+00
2.494828100666768478e+02 6.695341824760770066e+01 8.664637055659296649e+00
2.494618382269240726e+02 6.703702465807836575e+01 8.673043714139703653e+00
2.494704991922729391e+02 6.709601900762193338e+01 8.665579202057706709e+00
2.494762610593213026e+02 6.714997808116990541e+01 8.661304424697314985e+00
2.494542211307210096e+02 6.723912353743276071e+01 8.680563931535747457e+00
2.494679706554093457e+02 6.741412057051930162e+01 8.675472950226090774e+00
2.494648777994947864e+02 6.758206967039407687e+01 8.708065402882628092e+00
2.494886179511585453e+02 6.749218309125741655e+01 8.698559169942381430e+00
2.494614603995766515e+02 6.747773603915841534e+01 8.704749725711877772e+00
2.494717537728240302e+02 6.750613606144054302e+01 8.727964309847488167e+00
2.494695982193675263e+02 6.759176239503786121e+01 8.718639724670429914e+00
2.494885501359936200e+02 6.767788523252124833e+01 8.691615381448192679e+00
2.494904441166711422e+02 6.770935873495653823e+01 8.717113883459639112e+00
2.494818170589047384e+02 6.791166832571623502e+01 8.734278386095953195e+00
2.494747400620508699e+02 6.791368582687272237e+01 8.746531133215626141e+00
2.494932511801049770e+02 6.802310317350752200e+01 8.700915746923492122e+00
2.494963077064668937e+02 6.806247472068629634e+01 8.691792185271030036e+00
2.494681256615006077e+02 6.820259053930010396e+01 8.725498744208463719e+00
2.494888674140866556e+02 6.815714226895009631e+01 8.729897042047824129e+00
2.494492633577710023e+02 6.801186280992135380e+01 8.748463865415962104e+00
2.494298972842448450e+02 6.792651742486442856e+01 8.791170465526887412e+00
2.494302097183975206e+02 6.776730437141397090e+01 8.823038749100843958e+00
2.494252955409106960e+02 6.784495515722218784e+01 8.809684005551154939e+00
2.494363857423459763e+02 6.776672794251211940e+01 8.779775095849469579e+00
2.494095164052149869e+02 6.765456650366807878e+01 8.750445037019813910e+00
2.494367950553056801e+02 6.780695928910331816e+01 8.795379849692530172e+00
2.494488346690498872e+02 6.774149827919019629e+01 8.776788806622635164e+00
2.494372673394899778e+02 6.781613855606981645e+01 8.769464768810836475e+00
2.494385873132358142e+02 6.769913802081441645e+01 8.796920222724377680e+00
2.494522520689680221e+02 6.759793115307577693e+01 8.816383175057582733e+00
2.494308951359572859e+02 6.757256828139418303e+01 8.798041594915799735e+00
2.494286112180814712e+02 6.756972488840771973e+01 8.827785810645528031e+00
2.494412393705783870e+02 6.754648124063000125e+01 8.847323844054184150e+00
2.494422444882013679e+02 6.738255987715767503e+01 8.872018251967245916e+00
2.494450709273966140e+02 6.739976070934662289e+01 8.832297941083153248e+00
2.494387616950884876e+02 6.752084953025888581e+01 8.822348487600724098e+00
2.494442644113280494e+02 6.746865607296911094e+01 8.828134574350851693e+00
2.494547902937123354e+02 6.752361784216989804e+01 8.866331465994328198e+00
2.494374199236110599e+02 6.758356644796276669e+01 8.870267167530098362e+00
2.494459331487792042e+02 6.761749582815637893e+01 8.857856992348995817e+00
2.494621094875837741e+02 6.767536153959800060e+01 8.870686168370522040e+00
2.494575464957724478e+02 6.751122462078001263e+01 8.833399937513169320e+00
2.494788985848428240e+02 6.748645513179150157e+01 8.870003172780929646e+00
2.494544003565140144e+02 6.763021601551999140e+01 8.891885673319817940e+00
2.494521648780416854e+02 6.753761682978635861e+01 8.918975409736804139e+00
2.494705839612290958e+02 6.760157621819044493e+01 8.891987396067204230e+00
2.494751057795474196e+02 6.756302329693112085e+01 8.902939545202439575e+00
2.494713008644011438e+02 6.762725636796508866e+01 8.943260504690146107e+00
2.494536398578787839e+02 6.770458987568026998e+01 8.972273285426762612e+00
2.494601767553834293e+02 6.771502856713821927e+01 8.966002804641464152e+00
2.494436516528735410e+02 6.779738281902797326e+01 9.000571584961502225e+00
2.494661929293002629e+02 6.778815026871758675e+01 8.948121398833094986e+00
2.494684768471761060e+02 6.785370331349739104e+01 8.970914560158107065e+00
2.494812745375853353e+02 6.786969316059841617e+01 8.997185670655651890e+00
2.494674547757618939e+02 6.794021124423873914e+01 8.992513690186418884e+00
2.494532765623524142e+02 6.802999852259819136e+01 8.996400952318673205e+00
2.494551317915071138e+02 6.789928963614741519e+01 9.012189775895100396e+00
2.494826453727048943e+02 6.773001329661626357e+01 9.006083989081759000e+00
2.494519469007258579e+02 6.764033985085507084e+01 9.002555178535532221e+00
2.494415566486714226e+02 6.760351863827148122e+01 9.004957772949984118e+00
2.494631242930874464e+02 6.757309142695217474e+01 8.966884401785476300e+00
2.494407816182151407e+02 6.755441077098576841e+01 8.972956281016355007e+00
2.494607774039870378e+02 6.751049318578691327e+01 8.986349776088857766e+00
2.494706759960957925e+02 6.751729650001090022e+01 8.944025847265717033e+00
2.494608718608239144e+02 6.753955440592704917e+01 8.966542903990680102e+00
2.494495854798043979e+02 6.751246951345041225e+01 8.986434545045012712e+00
2.494508836558186715e+02 6.749173744874505587e+01 8.977059098494260425e+00
2.494701213649255180e+02 6.747959126831311494e+01 8.973583571291902317e+00
2.494522133174451994e+02 6.747222605700832787e+01 8.989897962396490527e+00
2.494702884808676515e+02 6.750511399002633084e+01 8.988643381845395908e+00
2.494550373346702656e+02 6.743849043442878610e+01 8.983540290684860707e+00
2.494526468501066745e+02 6.747680842458106554e+01 9.014577838488497363e+00
2.494547757618912556e+02 6.752528657962105285e+01 8.978265239641839202e+00
2.494480644825339652e+02 6.754247772392930926e+01 8.991016912617737944e+00
2.494564517652529503e+02 6.753546854224036622e+01 8.988619162143637098e+00
2.494610849941993820e+02 6.754357972035931823e+01 8.989411146391143248e+00
2.494778789353987918e+02 6.753377316311727441e+01 9.004630806976242852e+00
2.494810904678519705e+02 6.758045421628678184e+01 8.994877533078057041e+00
2.494652241412299247e+02 6.765372365804687149e+01 8.990752917868569227e+00
2.494515061021538713e+02 6.784897078377376545e+01 8.982891202677731002e+00
2.494550010051176230e+02 6.782046419480390398e+01 8.994376185251654832e+00
2.494480184651006311e+02 6.791208732655665870e+01 8.982346259388162224e+00
2.494429395936418530e+02 6.785983816395284407e+01 8.962040461433758765e+00
2.494452210895475162e+02 6.782339720068686972e+01 8.967698183764564845e+00
2.494638363523191629e+02 6.783207027588662186e+01 8.987795692283844673e+00
2.494751033575772681e+02 6.794977802643337839e+01 8.964687674835971620e+00
2.494809645254028396e+02 6.791178215831450871e+01 8.953328634711192890e+00
2.494796082221043605e+02 6.800347068326200883e+01 8.950320547752774303e+00
2.494803953624115138e+02 6.802459995107619761e+01 8.990120783652670866e+00
2.494627803733224880e+02 6.806556515463068990e+01 8.956753300539856966e+00
2.494889061656094782e+02 6.807149655959136680e+01 8.949790136284262232e+00
2.494994296260235842e+02 6.808565297526926940e+01 8.905637619978348241e+00
2.494913014941134008e+02 6.814741321475366931e+01 8.906192251148619121e+00
2.495120747323117598e+02 6.822774269957639603e+01 8.926946113585557896e+00
2.494862855938791881e+02 6.821115946978228806e+01 8.939169797063119205e+00
2.494630831195944722e+02 6.806824869758553120e+01 8.911292920338979684e+00
2.494510023323572909e+02 6.787633420282062957e+01 8.919866694761520165e+00
2.494912215690976041e+02 6.778367688980277705e+01 8.893232288737596747e+00
2.494923138776469216e+02 6.761629937488949338e+01 8.858658664477205846e+00
2.494838394040015714e+02 6.765011492248484615e+01 8.876772579422457454e+00
2.494856825233053996e+02 6.708335936951272060e+01 8.871843870114583197e+00
2.494829747606488013e+02 6.718693008014300005e+01 8.877896373584055922e+00
2.494884241935444891e+02 6.708242933296519084e+01 8.867680503382281643e+00
2.495020211341117431e+02 6.703963069798759022e+01 8.888882430301753956e+00
2.494936120536611668e+02 6.709555641131835557e+01 8.857377442254176003e+00
2.495151288367034965e+02 6.692559465422742448e+01 8.821927064790124007e+00
2.495080130883268339e+02 6.693388990207974132e+01 8.851344314546111036e+00
2.495070443002564957e+02 6.699594077798525404e+01 8.843952461569388745e+00
2.495314795573607398e+02 6.698945231988413695e+01 8.827945660677134043e+00
2.494997154185043371e+02 6.703116106828260001e+01 8.866166772022369358e+00
2.495005461542746446e+02 6.712958993622952164e+01 8.850746087912673588e+00
2.494975235354951906e+02 6.712517226262875170e+01 8.875019073015135262e+00
2.494982234848760072e+02 6.722281156829835425e+01 8.861012819488140124e+00
2.494962762208546110e+02 6.728469532826173349e+01 8.880705858988052981e+00
2.494989137463761324e+02 6.738550014895116647e+01 8.882728204084894941e+00
2.494995289268007923e+02 6.733137880340142090e+01 8.913000409312958894e+00
2.494905942788220443e+02 6.737827298994639591e+01 8.926885564331159983e+00
2.494737034588156064e+02 6.734133552279436685e+01 8.886261858571472771e+00
2.494680045629918084e+02 6.743392502064729399e+01 8.947109015299584911e+00
2.494967993664126027e+02 6.744849317125509458e+01 8.948659076212136299e+00
2.495089600786655808e+02 6.759400271745053601e+01 8.976928312104764274e+00
2.495235161194225100e+02 6.771691043796487008e+01 8.982728930675946799e+00
2.495238576172172884e+02 6.768060752699891225e+01 8.907383860475142967e+00
2.495542097474611580e+02 6.763394584959080191e+01 8.877012354469867361e+00
2.495665811711194522e+02 6.761448774119794791e+01 8.873604642432432854e+00
2.495674506584125822e+02 6.760224952589933878e+01 8.874321545604487937e+00
2.495370355569441472e+02 6.750004480644825833e+01 8.860666477752992876e+00
2.495229614882522355e+02 6.742503639010189431e+01 8.872304044447997029e+00
2.495340952851506700e+02 6.751201902699770585e+01 8.857740737780554596e+00
2.495556556636561538e+02 6.742549898640548633e+01 8.843947617629035918e+00
2.495562466243790709e+02 6.745931937794118483e+01 8.841181727688205427e+00
2.495452629896315386e+02 6.727356879727382477e+01 8.865963326527596777e+00
2.495334074456207247e+02 6.717864936411173460e+01 8.886620310157500313e+00
2.495061966106949285e+02 6.718773417424138472e+01 8.885174393962513406e+00
2.495114861935590227e+02 6.732901011656942103e+01 8.915683952267812629e+00
2.495227314010855366e+02 6.748425356090164939e+01 8.885615192534519480e+00
2.495223075563047530e+02 6.745103866190991937e+01 8.906633049720625195e+00
2.495246060060016475e+02 6.752285007762414182e+01 8.912566876651480285e+00
2.495247416363314983e+02 6.743042042980282247e+01 8.879848481545797867e+00
2.495525967153240572e+02 6.736634236486011673e+01 8.834966952216950276e+00
2.495624420240889094e+02 6.719553049623746688e+01 8.801563139551499049e+00
2.495664988241334754e+02 6.710291920065296267e+01 8.746657075664769465e+00
2.495878993526073657e+02 6.720622107259370637e+01 8.714687069343428405e+00
2.495517708234940812e+02 6.708324069297410119e+01 8.696691830936794432e+00
2.495475493294775617e+02 6.714555556362878974e+01 8.692317752799192832e+00
2.495684097586022290e+02 6.724246585627544448e+01 8.712127046867545133e+00
2.495578620784863517e+02 6.726422968027571869e+01 8.736056112205034196e+00
2.495466459346019690e+02 6.743944953461843284e+01 8.725588357104971493e+00
2.495357858203334160e+02 6.763226984622910720e+01 8.737138732873642510e+00
2.495532506472715397e+02 6.790900658049297078e+01 8.751401715239278900e+00
2.495079888686250627e+02 6.822447061786881761e+01 8.802158944214760083e+00
2.494727249828645483e+02 6.843155391184512837e+01 8.832261611530515921e+00
2.494577257215654527e+02 6.845101444220816234e+01 8.855294547902937907e+00
2.494314303913661490e+02 6.840510115358439691e+01 8.915192292322112522e+00
2.494146752016895618e+02 6.840147304226096026e+01 8.904542889458859634e+00
2.494111972525170415e+02 6.848645270982133582e+01 8.888780707554367666e+00
2.493861976763618031e+02 6.843110342539242197e+01 8.889257835679011066e+00
2.493960236093652725e+02 6.829665501699011543e+01 8.920460077454606562e+00
2.494035268729700761e+02 6.820358112510201920e+01 8.907936069675237434e+00
2.494243558164824890e+02 6.803222189121963481e+01 8.865016336188835666e+00
2.494072930365935576e+02 6.805735709770469555e+01 8.891619256600474586e+00
2.494391564762271400e+02 6.797439008736046162e+01 8.900471557593240490e+00
2.494279960376567828e+02 6.808330366419868085e+01 8.880386158924839179e+00
2.493864883127829160e+02 6.830420671999844728e+01 8.946426019709992516e+00
2.493978425089673578e+02 6.829722902392180117e+01 8.998876205838401532e+00
2.494057550855318652e+02 6.821084945759977813e+01 8.976453605950295511e+00
2.494292046007745398e+02 6.823081133578921254e+01 8.973314732602382549e+00
2.494285482468568773e+02 6.818089453046475512e+01 8.959754121587746312e+00
2.494171238135373585e+02 6.812046637457706311e+01 8.970362350958010822e+00
2.494218369674995870e+02 6.802628322034841801e+01 8.974111560790239750e+00
2.493728865282753020e+02 6.786672624713298774e+01 8.987635842252238660e+00
2.493639470363561941e+02 6.763827391029506941e+01 8.996146645450208368e+00
2.493522053249436397e+02 6.749524203958952739e+01 8.997512636629393157e+00
2.493732110722788491e+02 6.751868428892166207e+01 8.988343057543589865e+00
2.493651919290265937e+02 6.748189213998018943e+01 9.010818940775562780e+00
2.493665240126233016e+02 6.741648441341092735e+01 8.966443603213470226e+00
2.493424302533138643e+02 6.750221973566617351e+01 8.984668928786810227e+00
2.493586259678798456e+02 6.746569158147386247e+01 9.003257549886530597e+00
2.493644847137352372e+02 6.745320148127696314e+01 9.027450609973188378e+00
2.493361985240513832e+02 6.733580858685306225e+01 9.019894063024507247e+00
2.493425489298524838e+02 6.726882415769932777e+01 9.027920472187306089e+00
2.493457047569916085e+02 6.725288517197199667e+01 8.997771787438209046e+00
2.493490737175062293e+02 6.731502808274419181e+01 9.001869760975763413e+00
2.493613313085662639e+02 6.719742205494480913e+01 9.019940080457848453e+00
2.493897264869080459e+02 6.719224146073865711e+01 9.039788126049016270e+00
2.493671464589585014e+02 6.733476713967743876e+01 8.985908977516851692e+00
2.493757420311126225e+02 6.730720996301651837e+01 9.016554166151998118e+00
2.493743445543211692e+02 6.751873999423571604e+01 9.049095757434843179e+00
2.493863526824530652e+02 6.767272643604667337e+01 9.074657230670862162e+00
2.493949361447563149e+02 6.806746640121873781e+01 9.061132949208863252e+00
2.493922768215032306e+02 6.820994364075400540e+01 9.024687142002532525e+00
2.494131663142700006e+02 6.818815075311162843e+01 9.088583559182051630e+00
2.493765122176285445e+02 6.813016878710155311e+01 9.103161397670548993e+00
2.494011606081082846e+02 6.821708118686225930e+01 9.037368577843333028e+00
2.493879196971568604e+02 6.810639230588515147e+01 9.052597926309134735e+00
2.494206259824116501e+02 6.805803524935393511e+01 9.058044937234642546e+00
2.493969730216741993e+02 6.785566510933983864e+01 9.053670859097040946e+00
2.493906056620818674e+02 6.782522578816964653e+01 9.019148096210344079e+00
2.493994143676114845e+02 6.777390424014318171e+01 9.006309232308113977e+00
2.494021318181488027e+02 6.771110255348315832e+01 9.000888863054539613e+00
2.494134327309893422e+02 6.767501035392250230e+01 9.008137819790887235e+00
2.494133891355261881e+02 6.768077222097086576e+01 9.015130047688593606e+00
2.493913516288960466e+02 6.750482819754557795e+01 9.063123808693418937e+00
2.493683380682850270e+02 6.777197877385337677e+01 9.084868256932283614e+00
2.493574997517480654e+02 6.760914487499000813e+01 9.091434218079038843e+00
2.493835262432578475e+02 6.765388593004865925e+01 9.044532765623523929e+00
2.493944953461842999e+02 6.757160675923437054e+01 9.021473187579168496e+00
2.493978037574445352e+02 6.757842702724958883e+01 8.977841394861064472e+00
2.493839282903070398e+02 6.741888458585520993e+01 9.025554207325491518e+00
2.494235202367717932e+02 6.741942710717459875e+01 8.994984099765796159e+00
2.494661735535388516e+02 6.736362007038245281e+01 8.960773771031783852e+00
2.494298318910500996e+02 6.734468026360723059e+01 8.988737838682254733e+00
2.494264266009828361e+02 6.729888565152208457e+01 8.938758062133222992e+00
2.494205775430081360e+02 6.725546457020928415e+01 8.932783061709377748e+00
2.493945680052895852e+02 6.728272868847892596e+01 8.957722088610200473e+00
2.493749016074615952e+02 6.721447514695303482e+01 8.973469738693637510e+00
2.493927224640155771e+02 6.719405067246002261e+01 8.949979049957978106e+00
2.494101073659379040e+02 6.706303903973726221e+01 8.893319479663928107e+00
2.494209214627730944e+02 6.710124561926144793e+01 8.848040747226239233e+00
2.494071307645917557e+02 6.696182006214775129e+01 8.867673237471754177e+00
2.494077289912252127e+02 6.693470368405883164e+01 8.850796949286365845e+00
2.494195094541605897e+02 6.693890095837359411e+01 8.825579395815319472e+00
2.494117446177767761e+02 6.684649553025404600e+01 8.825368684410019426e+00
2.494040088450350936e+02 6.692253328392514788e+01 8.857212748282217163e+00
2.494035680464630786e+02 6.675730405655784239e+01 8.839341030354551876e+00
2.493949942720405204e+02 6.671605063855243145e+01 8.867692613233160159e+00
2.493951444341914510e+02 6.677147500405679637e+01 8.873921920525470242e+00
2.494298585327220223e+02 6.667709567024391504e+01 8.860814217933720371e+00
2.494077071934936214e+02 6.671760796537552096e+01 8.879787932291401731e+00
2.494309072458081857e+02 6.673452784902406165e+01 8.861298611968893013e+00
2.494338160319893802e+02 6.676549273772242543e+01 8.817158205513857538e+00
2.494317597793100845e+02 6.680817511813160081e+01 8.804987805380164900e+00
2.494198703277167795e+02 6.684221348698312681e+01 8.811297037688277101e+00
2.494244260536175659e+02 6.685878218495616920e+01 8.804316919641451022e+00
2.494297834516465855e+02 6.683402238384836380e+01 8.834245205104544141e+00
2.494216843833785049e+02 6.688025052859498487e+01 8.818141525405255976e+00
2.494245834816790079e+02 6.688927478947024952e+01 8.839551741759851922e+00
2.494200447095694528e+02 6.688858694994030429e+01 8.872497802062065730e+00
2.494174604673918054e+02 6.687607747398197944e+01 8.857130401296238631e+00
2.494208463816976575e+02 6.692056664414234035e+01 8.855824959371449978e+00
2.494060505658933380e+02 6.681235301668495197e+01 8.894043648746508879e+00
2.493776989830147102e+02 6.664988483531813301e+01 8.945750290030929364e+00
2.493441740718404844e+02 6.655725174200205174e+01 8.965009796869361836e+00
2.493464337700145563e+02 6.627349613816855367e+01 8.977003393180217117e+00
2.493524935393945441e+02 6.622022490415052687e+01 8.969412938649073297e+00
2.493517209309084706e+02 6.640263558794536891e+01 8.980752603012446045e+00
2.493537384320649437e+02 6.632414195651594468e+01 9.007251378706522260e+00
2.493566229985443954e+02 6.631071213189080993e+01 9.014655341534124844e+00
2.493572042713865926e+02 6.622702579640434806e+01 9.009138093473517017e+00
2.493524015045278759e+02 6.628277470591227427e+01 9.008009455371565721e+00
2.493490591856851779e+02 6.620446272224603490e+01 8.978926437499849200e+00
2.493505462753731763e+02 6.622740846769212908e+01 8.956288282266092082e+00
2.493588124595833619e+02 6.607270754467928953e+01 8.923451210621792029e+00
2.493804091676415169e+02 6.606755601411524026e+01 8.920171863003679036e+00
2.493703483035309887e+02 6.609301818657405647e+01 8.883772073230689514e+00
2.493969439580320966e+02 6.596743661098557254e+01 8.888209122592863665e+00
2.493706922232959755e+02 6.602151436107216398e+01 8.896177404471441008e+00
2.493555985051600032e+02 6.609463364068135149e+01 8.907340265011976399e+00
2.493488630061009417e+02 6.611108124014560872e+01 8.891737933139090444e+00
2.493632131793929148e+02 6.611744859973794064e+01 8.910207877700193180e+00
2.493657683579284310e+02 6.610003221220334524e+01 8.914482655060584904e+00
2.493740660277509278e+02 6.614252083499843593e+01 8.921150338954726422e+00
2.493625568254752523e+02 6.611628363208335202e+01 8.927716300101479874e+00
2.493497203835432003e+02 6.612801807758539496e+01 8.917134712403150587e+00
2.493748241044159784e+02 6.615178971486145088e+01 8.895114159564238676e+00
2.493742694732457039e+02 6.609070036111575064e+01 8.936704231424094758e+00
2.493789898931184439e+02 6.620107438597001703e+01 8.929341442089482328e+00
2.493692753707430825e+02 6.614450927251282053e+01 8.957571926459298339e+00
2.493759527425179385e+02 6.613780283709586172e+01 8.919697156849210273e+00
2.493779702436744117e+02 6.571785985027379695e+01 8.966278909241511386e+00
2.493723488508962589e+02 6.574272137412900463e+01 8.987953120345276048e+00
2.493821239225260058e+02 6.570107559695509281e+01 8.961514893905595969e+00
2.493826131605015348e+02 6.574491325713815115e+01 8.961018390019544810e+00
2.493807070699731412e+02 6.591516807262036082e+01 8.978364540419049078e+00
2.493977480521304813e+02 6.575555055015053085e+01 8.911280810488099391e+00
2.494069055213654167e+02 6.569649080741220359e+01 8.817158205513857538e+00
2.494073947593409457e+02 6.573477731195218610e+01 8.797947138078940910e+00
2.493957208630932882e+02 6.574809814791940710e+01 8.806758265578718436e+00
2.493778007057620982e+02 6.581237723638670900e+01 8.773918771964241969e+00
2.493680958712674283e+02 6.595114401761256318e+01 8.833148052614880896e+00
2.493440408634808136e+02 6.572417877046261481e+01 8.823976051558901190e+00
2.493169293293322255e+02 6.562348536040127556e+01 8.854204661323800352e+00
2.492754094946074872e+02 6.605152014958088103e+01 8.866966022180402973e+00
2.492833293370825345e+02 6.591986185082116378e+01 8.854512251536133860e+00
2.493358110088232422e+02 6.552775214526008085e+01 8.803568530857111440e+00
2.493576014744954534e+02 6.560170700457994997e+01 8.808167852221068017e+00
2.493687062077517567e+02 6.553712032590030390e+01 8.827533925747237831e+00
2.493657877336898423e+02 6.548360205092434683e+01 8.889780981236997448e+00
2.493635013938438476e+02 6.549362658548223237e+01 8.946719078101272871e+00
2.493763499456267709e+02 6.537801141716741427e+01 8.902421243584806021e+00
2.493850351306774087e+02 6.536723122791465812e+01 8.902912903530506128e+00
2.493585436208938404e+02 6.535734716762698326e+01 8.957797169685653316e+00
2.493718450810996785e+02 6.514779104210110461e+01 8.940276637433486329e+00
2.493441111006159190e+02 6.513152024645968652e+01 8.966424227452062468e+00
2.493482236059745105e+02 6.510530484127617967e+01 8.978442043464676559e+00
2.493176922499376360e+02 6.518646748383940803e+01 9.015464279572860562e+00
2.493387730783483107e+02 6.512679013870622668e+01 9.035251775909632244e+00
2.493415268584382716e+02 6.508695357325369457e+01 9.041442331679128586e+00
2.493694933480589100e+02 6.459221045952040186e+01 9.026518151455482197e+00
2.493520527408225576e+02 6.465438485590487971e+01 9.053365690854882075e+00
2.493741241550351617e+02 6.457237694575029252e+01 9.025096454962254100e+00
2.493962512745617914e+02 6.451016621981317201e+01 8.955578645004566241e+00
2.493789366097745983e+02 6.448829098518480407e+01 8.966521106259097706e+00
2.493836061682736442e+02 6.454941424651296700e+01 8.983755846030511805e+00
2.493913685826872779e+02 6.449850201144623441e+01 9.033592726339167100e+00
2.493863163529004225e+02 6.450453029521393944e+01 9.015612019753588058e+00
2.493740926694228790e+02 6.455419037169976093e+01 9.052416278545946327e+00
2.493635086597543591e+02 6.455894469915497780e+01 9.020952463991358528e+00
2.493632422430350175e+02 6.455528025827889849e+01 9.024529713941102926e+00
2.493169608149445367e+02 6.471486387316626576e+01 9.075127092884978097e+00
2.493422752472226023e+02 6.477400111895022405e+01 9.067398586053810661e+00
2.493434595906385880e+02 6.468385296703456788e+01 9.012143758461757415e+00
2.493499310949484880e+02 6.465127746816925480e+01 9.008074848566314685e+00
2.493838653190824743e+02 6.468606664777530568e+01 9.027164817492437265e+00
2.493912789697907613e+02 6.476359149113437752e+01 9.034394398467377130e+00
2.493778249254638695e+02 6.496331683971644111e+01 8.987069101231087487e+00
2.493755555394090777e+02 6.498311886787426772e+01 9.019470218243732518e+00
2.493849479397510720e+02 6.494168622407583769e+01 9.011475294693221727e+00
2.493914533516434346e+02 6.504498083010605569e+01 8.970372038838712925e+00
2.494206356702923699e+02 6.502338896598827489e+01 8.952066788249569029e+00
2.494082109632902018e+02 6.487816036833322642e+01 8.952061944309217978e+00
2.494195506276535639e+02 6.463474994368918658e+01 8.908289677320913924e+00
2.494177075083497357e+02 6.451146439582743142e+01 8.872427564926965715e+00
2.494134327309893422e+02 6.443948586417107549e+01 8.802144412393705153e+00
2.494457103275230168e+02 6.434156076602073426e+01 8.759544378970517187e+00
2.494551753869702964e+02 6.444527921683172167e+01 8.653205356429241490e+00
2.494730253071663810e+02 6.441991392317994780e+01 8.634311567087362249e+00
2.494812043004502584e+02 6.430139239065410095e+01 8.600401562655157761e+00
2.494864599757318615e+02 6.424494837570570382e+01 8.568487261647860009e+00
2.494313553102907122e+02 6.427527386427763645e+01 8.597906933374021676e+00
2.494486481773463424e+02 6.416714984971675051e+01 8.623969754436444646e+00
2.494370299864127389e+02 6.416071709692967318e+01 8.609612315233949431e+00
2.494510701475222163e+02 6.422653413645863907e+01 8.613891936534693983e+00
2.494835415016699471e+02 6.425145136562788650e+01 8.568291082063614894e+00
2.494803662987694111e+02 6.418380816058630955e+01 8.554037787578684160e+00
2.494790221053218033e+02 6.411660091017638763e+01 8.523126182224192604e+00
2.494927788959206794e+02 6.410135460791936168e+01 8.536776406135334838e+00
2.495234289284961733e+02 6.418778745758524451e+01 8.525451273593017021e+00
2.495240271551296019e+02 6.412870107317498025e+01 8.528025827889955224e+00
2.495450886077788937e+02 6.414668420173073571e+01 8.478862255290188443e+00
2.495445630402507220e+02 6.423198356935432685e+01 8.491720494953824527e+00
2.495119851194152432e+02 6.413746618324141480e+01 8.509236183265638687e+00
2.495447204683121640e+02 6.418343517717923419e+01 8.519406036034071761e+00
2.495357276930491821e+02 6.425568496949529163e+01 8.512731086229404553e+00
2.495230511011487522e+02 6.442057512103795602e+01 8.530324277586846193e+00
2.495076207291583330e+02 6.436426915838958962e+01 8.561214085209755353e+00
2.495478036363460319e+02 6.433503355639678034e+01 8.519059694298924512e+00
2.494968138982336541e+02 6.434434118778261791e+01 8.564188264585709476e+00
2.495501141958937978e+02 6.435741740476207440e+01 8.559915909195494166e+00
2.495450135267034284e+02 6.440110732476439637e+01 8.552429599381913050e+00
2.495378566048337632e+02 6.442539726365809827e+01 8.589120025576004736e+00
2.495235984664084867e+02 6.425642609236909664e+01 8.647772877324788610e+00
2.495279241051425743e+02 6.431810398486753400e+01 8.645188635147146528e+00
2.495258291009404559e+02 6.432267908652973176e+01 8.632463603843183009e+00
2.495480870068566048e+02 6.434434845369314360e+01 8.601450275741305163e+00
2.495320002809485516e+02 6.454237357921174123e+01 8.645387236701568057e+00
2.495229832859838268e+02 6.462925933730052463e+01 8.656109298670095598e+00
2.495024667766241180e+02 6.452475616815254966e+01 8.667533731989625068e+00
2.494856340839018856e+02 6.434665659127072956e+01 8.660243601760287291e+00
2.494798140895692882e+02 6.407762414413629415e+01 8.586196707573742870e+00
2.494603123857132800e+02 6.374879325335987801e+01 8.590691884220138519e+00
2.494459936980335897e+02 6.376990556738284255e+01 8.575108928108658546e+00
2.494705306778852218e+02 6.367834540685466038e+01 8.562645469583687330e+00
2.494575925132057819e+02 6.372145163204460516e+01 8.554112868654135227e+00
2.494800611305272469e+02 6.363764904198969674e+01 8.496884135368757640e+00
2.494740958179841073e+02 6.363663181451583739e+01 8.491858547253849920e+00
2.495094250969393670e+02 6.364486409114358167e+01 8.464742169164928498e+00
2.494929702315645557e+02 6.359753879390729026e+01 8.449718688164074010e+00
2.494138977492631284e+02 6.352970667519200276e+01 8.429427422030725481e+00
2.494327745848137567e+02 6.318256811185626987e+01 8.361188412325891051e+00
2.494541097200929016e+02 6.320503188523736782e+01 8.347671396774419605e+00
2.494428911542383389e+02 6.321527681908124663e+01 8.359018327048321595e+00
2.494634851666436646e+02 6.325803428056586597e+01 8.333287315899992720e+00
2.494778450278163291e+02 6.327340652527205123e+01 8.320453295938113669e+00
2.494728509253137076e+02 6.324755683758510116e+01 8.314742290263437141e+00
2.494718070561679042e+02 6.335542412330734408e+01 8.348456115111398290e+00
2.494937912794541717e+02 6.339945554110446579e+01 8.366812227074236219e+00
2.494908946031238486e+02 6.352318915344876160e+01 8.388769808688575580e+00
2.494867893636757685e+02 6.342286630482432486e+01 8.455708220408974185e+00
2.494758105728685962e+02 6.340323865851915741e+01 8.524128877876997024e+00
2.494716932235696447e+02 6.343188814372939532e+01 8.547416121117883847e+00
2.494434215657068421e+02 6.355309079723992483e+01 8.596850954377348586e+00
2.494454390668633437e+02 6.363155294305705922e+01 8.595363864689369748e+00
2.494443782439263089e+02 6.368484839677684306e+01 8.614778377619057181e+00
2.494587066194866907e+02 6.375645636699629648e+01 8.626924558050992786e+00
2.494514237551678661e+02 6.390323260359372171e+01 8.626369926880720129e+00
2.494531772615752061e+02 6.387568027087314704e+01 8.663033711402878367e+00
2.494325009021839037e+02 6.393190630850571665e+01 8.693763668994179739e+00
2.494305076207291449e+02 6.384416801691504162e+01 8.680750423239288693e+00
2.494506608345624841e+02 6.381417918219754881e+01 8.687565847314155931e+00
2.494420628404381830e+02 6.382894835632993846e+01 8.695289510204970540e+00
2.494231884268577062e+02 6.374204806642011079e+01 8.701167631821782322e+00
2.494322514392557650e+02 6.382583612465396072e+01 8.690501275167298090e+00
2.494469382664021850e+02 6.392743535156107981e+01 8.622443913225652068e+00
2.494574375071145482e+02 6.379194549598316399e+01 8.602029126613334853e+00
2.495048669490684006e+02 6.359576348976838744e+01 8.520258569535974047e+00
2.495838231768013884e+02 6.338523615420199775e+01 8.413008886208574566e+00
2.495915662154536108e+02 6.332978514702570294e+01 8.415031231305418302e+00
2.495890473664707372e+02 6.337774015650771275e+01 8.451556963527551147e+00
2.495469050854107707e+02 6.317141736116661122e+01 8.488661546621715459e+00
2.494885525579637999e+02 6.293007772102293984e+01 8.498136293949675846e+00
2.493621136049330573e+02 6.290056117048974471e+01 8.572866183725814437e+00
2.492596376248222896e+02 6.265904957046358703e+01 8.578565079549610672e+00
2.492108688333611894e+02 6.245826097697432999e+01 8.575777391877196010e+00
2.492017719133806679e+02 6.242223901454877222e+01 8.540760547074622622e+00
2.491941112217144223e+02 6.236575867004773954e+01 8.580236238970952556e+00
2.491780680912695232e+02 6.245319421536643034e+01 8.637632088198465397e+00
2.491122558956809030e+02 6.271589078852083077e+01 8.733781882209902037e+00
2.490560419678992048e+02 6.276172415212879230e+01 8.829326183677373763e+00
2.490510987267702774e+02 6.272273769820798606e+01 8.884370299864126963e+00
2.490595392928331364e+02 6.288861843555258702e+01 8.939743803994797844e+00
2.490195452993191907e+02 6.257489337276300745e+01 9.016219934267729386e+00
2.490181405566171975e+02 6.279804643885615434e+01 9.055494602639463153e+00
2.490352251342376917e+02 6.276598681963830018e+01 9.108366211578470484e+00
2.490068444877169895e+02 6.282726266508754520e+01 9.165832297941083340e+00
2.490201968092964933e+02 6.309323616388987688e+01 9.199781053896101568e+00
2.490090315267857761e+02 6.290348448849201191e+01 9.253122525049226610e+00
2.490105161945035945e+02 6.279916781104757462e+01 9.273418635122927967e+00
2.490152608340780773e+02 6.272570945561376021e+01 9.193997389116150387e+00
2.489788997958279140e+02 6.300038751522814096e+01 9.250894312487435656e+00
2.488911179087740777e+02 6.305053925165965722e+01 9.330615882796019278e+00
2.488773804939365846e+02 6.312846614206792850e+01 9.448650599316520626e+00
2.488544492803115702e+02 6.282637622400317667e+01 9.440699271229174627e+00
2.487045995635609756e+02 6.267278940727123882e+01 9.508967344576118919e+00
2.485862790545597250e+02 6.249925766614109790e+01 9.492427710245175732e+00
2.485315231528238940e+02 6.242921186668507261e+01 9.429703526630772714e+00
2.484281171361655822e+02 6.201875089310150457e+01 9.389186387558822844e+00
2.483573665433883946e+02 6.170091574692349212e+01 9.361173880504836120e+00
2.483249581604652008e+02 6.170549327055586986e+01 9.405677582486248411e+00
2.482591822944292232e+02 6.129989319111524537e+01 9.381918055061069239e+00
2.481903281042997378e+02 6.146273919982949252e+01 9.474025580848996597e+00
2.481370060089080027e+02 6.164210304514310224e+01 9.559712463700721585e+00
2.480993831241962084e+02 6.129744700123762868e+01 9.607384102672160253e+00
2.480767691886642012e+02 6.118522016919883555e+01 9.600980413527187451e+00
2.480223693165442285e+02 6.152803551577066088e+01 9.726259242843683595e+00
2.480190197317910190e+02 6.129424273469496143e+01 9.819342822612481925e+00
2.480466035501238764e+02 6.126993826398021525e+01 9.817058904736647662e+00
2.480328491814951803e+02 6.092595552778362844e+01 9.909154320673694727e+00
2.480388605114716540e+02 6.054117954791504985e+01 9.909791298829945916e+00
2.480643275278708302e+02 6.067600093972443176e+01 9.904886809223830468e+00
2.480721311157774380e+02 6.068716380026496182e+01 9.879586908766805564e+00
2.480445739391165034e+02 6.066340427283978443e+01 9.881585034161888714e+00
2.480372353694836534e+02 6.070869753709853001e+01 9.920498828977420303e+00
2.480296206952507703e+02 6.084728267056119222e+01 9.942972290239218580e+00
2.479857031100519009e+02 6.075640308365242959e+01 9.996020703001063268e+00
2.479980939094716064e+02 6.067637392313150713e+01 1.000964670721044669e+01
2.479847997151763082e+02 6.070466253478554819e+01 1.003316403761804132e+01
2.479539026416428840e+02 6.045186697571006107e+01 1.004936459612436295e+01
2.478981658419858150e+02 6.041936413595003330e+01 1.018110039792970056e+01
2.479171419783136798e+02 6.059067977436925645e+01 1.015971682324703806e+01
2.480033956021865436e+02 6.051787777285310455e+01 1.007460636929716813e+01
2.480737804774672099e+02 6.059387435303121805e+01 1.019898906964859719e+01
2.480973898427414781e+02 6.066091448749899939e+01 1.018169135865260877e+01
2.480448088702235623e+02 6.053061249203777550e+01 1.020979105663292863e+01
2.479894741176157140e+02 6.060681493968083089e+01 1.023923010412049805e+01
2.480082976698224968e+02 6.065426375739609455e+01 1.025942691341698776e+01
2.479727479915812296e+02 6.078041933991625001e+01 1.024870727341863486e+01
2.479873936452346470e+02 6.080550368502762382e+01 1.026448156517400712e+01
2.479983046208768940e+02 6.093070743326866534e+01 1.018011950000847676e+01
2.479991014490647672e+02 6.098437587039553165e+01 1.022893915284327271e+01
2.480034464635602376e+02 6.061400576913295879e+01 1.023709150445521487e+01
2.479662280478678156e+02 6.041819916829544468e+01 1.026286611106670854e+01
2.479200774061668255e+02 6.039518802965460509e+01 1.022830217468702152e+01
2.479181640497278920e+02 6.022489688461975987e+01 1.022900212406784348e+01
2.478561422374644962e+02 6.043306037729451674e+01 1.026958950027489337e+01
2.478307503021407854e+02 6.009763446172923551e+01 1.028112292225233482e+01
2.477271311521070061e+02 6.004753358667141327e+01 1.032738255261124749e+01
2.477598132176600245e+02 6.000085979941243153e+01 1.029064126504346177e+01
2.477520798668885220e+02 6.021143557438233529e+01 1.027893346121335938e+01
2.477271650596894688e+02 6.012418167682682935e+01 1.024444460590912342e+01
2.477092545902389702e+02 6.025441343515296211e+01 1.030750059943761876e+01
2.476367771327263938e+02 6.003445494772177682e+01 1.035601508403025584e+01
2.476143884404207540e+02 6.009687154112383922e+01 1.032725418819192598e+01
2.475962188201614538e+02 6.011485466967959468e+01 1.032549099390390168e+01
2.475823312431730585e+02 5.995865454712790665e+01 1.033281987565605142e+01
2.475665763271791207e+02 5.982175510490763770e+01 1.038542264590553899e+01
2.475518289507782868e+02 5.981312078123070108e+01 1.041397040836839061e+01
2.475105149835185046e+02 5.966078612307968143e+01 1.038691457953386710e+01
2.475080809034917593e+02 5.984616856428029763e+01 1.037907466207461127e+01
2.475003984140939224e+02 5.943832574045683259e+01 1.039163257743644131e+01
2.475369120364651963e+02 5.937648799792679455e+01 1.035196312792604267e+01
2.475434247142680704e+02 5.931982600566256281e+01 1.024553207051808279e+01
2.474947310038824071e+02 5.957964285627786438e+01 1.021124666070861942e+01
2.474738269792945857e+02 5.955016505726748477e+01 1.018493437671808444e+01
2.474774114951548540e+02 5.948841934960412914e+01 1.015251630591420984e+01
2.475344973321998623e+02 5.944264411328038733e+01 1.007487278601651326e+01
2.475771554929072522e+02 5.940749406011814671e+01 1.005378953563565858e+01
2.476810216838989902e+02 5.941558101853533458e+01 1.002228696955825704e+01
2.477504305051987501e+02 5.947952587511837663e+01 9.993940230619999809e+00
2.477814438333006422e+02 5.958560090291047828e+01 1.003963554192793595e+01
2.477133816274186415e+02 5.969570124513487031e+01 1.003345951797949631e+01
2.476466297074017859e+02 5.980838098559654270e+01 1.006352827771278768e+01
2.477151738853487757e+02 5.946482693812108522e+01 9.994867845197354939e+00
2.477789903775124856e+02 5.945621683414590564e+01 1.000885956690329337e+01
2.478067437337576564e+02 5.956795685017934971e+01 1.001734615039950427e+01
2.478400603554967745e+02 5.974236776648332636e+01 1.000285065889698721e+01
2.478908442261441962e+02 5.978589299251368772e+01 9.985523884258888927e+00
2.479499742060176288e+02 5.961969739904623111e+01 9.899175803549155717e+00
2.479508630690721702e+02 5.945917648170080128e+01 9.877588783371722414e+00
2.479476055191856290e+02 5.930050110562938670e+01 9.869734334091409877e+00
2.479652301961553746e+02 5.913295405280379669e+01 9.814854911876615517e+00
2.479678628777365361e+02 5.918773901818173044e+01 9.768667940622979273e+00
2.479820362472056559e+02 5.915488014880584444e+01 9.724602615243396642e+00
2.480048318305008479e+02 5.919174011291224957e+01 9.670963241758640194e+00
2.480087215146032804e+02 5.915445388205489508e+01 9.632887448623957738e+00
2.479975828737644861e+02 5.934603656690571682e+01 9.671847260872828755e+00
2.480153625568254654e+02 5.947114828028007594e+01 9.698656048749414893e+00
2.480095788920455107e+02 5.951985652248678349e+01 9.718809262582739805e+00
2.479916732665354004e+02 5.954166394195021894e+01 9.744535429790717629e+00
2.480114801386335728e+02 5.935486949213707675e+01 9.734280808066129609e+00
2.480300566498824253e+02 5.931993499432047656e+01 9.789881977393330104e+00
2.480218800785686994e+02 5.938257925291907924e+01 9.767616805566655458e+00
2.480278381252013276e+02 5.944144281607316316e+01 9.713083725087010123e+00
2.480359299275588683e+02 5.936693090361285385e+01 9.746426988498063437e+00
2.480711381080053286e+02 5.940050909813096780e+01 9.739715709140757127e+00
2.480986977066364432e+02 5.942519139619314927e+01 9.791809865653315015e+00
2.481143920733759956e+02 5.998482877881841802e+01 9.785142181759173496e+00
2.480993225749418229e+02 5.997487205942545785e+01 9.840634362428460236e+00
2.480892956184137574e+02 5.993208553429872865e+01 9.828245984978940086e+00
2.481233364092354634e+02 5.993191357441624234e+01 9.868407094435038829e+00
2.481008266184210242e+02 5.989687977582244116e+01 9.874694529011570410e+00
2.481011778040965226e+02 5.977907030252829657e+01 9.824772879746758392e+00
2.480961958114447725e+02 5.996153184769682554e+01 9.793837054690508026e+00
2.480938004829408499e+02 6.001633376686599775e+01 9.778924984317743707e+00
2.480951035028954550e+02 6.032928379919929540e+01 9.653411223894188709e+00
2.481012238215298567e+02 6.033452978660020705e+01 9.613538328889017492e+00
2.481058304088043371e+02 6.047671881168455599e+01 9.588497579240808477e+00
2.481140772172531399e+02 6.044813471966906349e+01 9.626275470043861304e+00
2.481178094732941588e+02 6.039607447073896651e+01 9.609730991772567066e+00
2.481068936537115519e+02 6.049067662580802818e+01 9.624846507640105742e+00
2.480990755339838643e+02 6.053583425973692300e+01 9.637150116133469169e+00
2.481153729712972336e+02 6.062331824445913497e+01 9.625740214634996406e+00
2.480573958492275040e+02 6.077137570327958827e+01 9.654876515850583374e+00
2.480253144322780940e+02 6.074947140500911757e+01 9.695604366327833290e+00
2.480127565169162551e+02 6.065726215647380570e+01 9.684867772538249042e+00
2.479883914969471164e+02 6.046310976126640213e+01 9.715818129415554338e+00
2.479954103665167509e+02 6.032719848287788267e+01 9.709656637288167857e+00
2.479940613291287832e+02 6.027459571262839688e+01 9.656339385836803402e+00
2.479639053784691782e+02 6.036779796893581107e+01 9.675419666882222103e+00
2.479848312007885909e+02 6.031782788026747966e+01 9.650526657414740583e+00
2.479833441111006209e+02 6.027767403672191193e+01 9.650696195327050475e+00
2.479872555929346163e+02 6.059739831963709378e+01 9.602607977485364543e+00
2.479776960766505169e+02 6.065144216214121542e+01 9.598916894937355337e+00
2.479920171863003588e+02 6.068576632347349431e+01 9.575854894922823490e+00
2.479917604574617371e+02 6.064035196070595646e+01 9.606027799373679343e+00
2.479729102635830031e+02 6.062001467713926672e+01 9.673997970388992229e+00
2.480068299558959097e+02 6.054997614359376712e+01 9.665303097457657699e+00
2.480089128502471567e+02 6.058933800289183580e+01 9.674162664360951069e+00
2.480157403841729149e+02 6.056916056935674675e+01 9.684986449076866677e+00
2.480279616456803069e+02 6.065706597688956236e+01 9.731490698423540309e+00
2.480079222644452273e+02 6.067309699748357588e+01 9.709615463795179480e+00
2.480107002642369594e+02 6.075734765202101073e+01 9.736303153162971569e+00
2.480307783969948332e+02 6.089358105244291863e+01 9.712521828006210001e+00
2.480279010964258930e+02 6.099142380360728311e+01 9.743070137834322963e+00
2.480311659122229457e+02 6.089934049752111633e+01 9.736676136570054041e+00
2.480301099332262709e+02 6.102262120144252577e+01 9.700843087818217469e+00
2.480278357032311476e+02 6.097318636818306459e+01 9.736167522833124366e+00
2.480346559712463659e+02 6.105250589144245055e+01 9.752794348090397136e+00
2.480052726290728344e+02 6.089449171322904419e+01 9.797760646375399674e+00
2.479858411623519316e+02 6.129120316212426189e+01 9.843819253209716180e+00
2.480039284356252551e+02 6.113913734266276379e+01 9.855030553153769191e+00
2.479913923179950075e+02 6.117194777263512862e+01 9.875355726869578632e+00
2.479819417903687793e+02 6.125059883212598066e+01 9.862252868218181590e+00
2.479416353627021579e+02 6.112477748149009216e+01 9.863887698086886147e+00
2.479562228890713413e+02 6.119666882222012561e+01 9.878630230547340574e+00
2.479355029342168564e+02 6.100972905419642700e+01 9.869639877254551052e+00
2.479784686851366189e+02 6.105380164548653710e+01 9.839704325880930469e+00
2.479733970795883522e+02 6.093277579579885384e+01 9.783173120006200207e+00
2.479586763448594979e+02 6.099257666141099321e+01 9.801994250242803020e+00
2.479623553175566144e+02 6.107936069675238144e+01 9.811408448316367270e+00
2.479894281001823799e+02 6.094903932552974624e+01 9.778576220612420045e+00
2.479677296693768653e+02 6.115700421665007269e+01 9.753719540697575852e+00
2.479659253015958313e+02 6.115884491398372802e+01 9.827674400017437861e+00
2.479675068481206779e+02 6.111737594063266954e+01 9.834332396030875501e+00
2.480304877605737204e+02 6.114735508746944959e+01 9.750667858275992472e+00
2.479873791134135956e+02 6.127733738286746501e+01 9.720623318244459909e+00
2.479612145696037828e+02 6.090772051432958989e+01 9.755063734145178245e+00
2.480125143198986564e+02 6.079580853841365951e+01 9.610186322165628070e+00
2.480350386425341469e+02 6.094217546205135960e+01 9.452431294761035829e+00
2.480176634284925399e+02 6.100120129720722417e+01 9.375616088663484504e+00
2.480404565898175520e+02 6.062200069268347136e+01 9.387168886402333712e+00
2.480734825751355572e+02 6.059817577206354144e+01 9.313177697529832599e+00
2.480762993264500835e+02 6.065992390169707704e+01 9.265321988825029109e+00
2.480234519372128545e+02 6.107487762995686609e+01 9.340916521953948504e+00
2.480086585433786865e+02 6.072192876016924856e+01 9.407624846507639305e+00
2.479486760300033552e+02 6.096333863744801818e+01 9.588880250528594829e+00
2.479046543000869463e+02 6.129364693003170572e+01 9.758207451433442259e+00
2.478672009532874654e+02 6.143125843148367693e+01 9.909832472322936070e+00
2.478709598510004071e+02 6.163038070949194491e+01 1.002264542114428458e+01
2.478524099814234773e+02 6.136548256544769231e+01 1.008911881459091653e+01
2.478577455817209056e+02 6.157289766933809716e+01 1.008978001244892653e+01
2.478854093250695598e+02 6.141439909708952172e+01 1.017734634415711881e+01
2.479129083744462889e+02 6.137737443901115597e+01 1.015354322126877307e+01
2.478673535374085475e+02 6.131727082712703236e+01 1.022480242778290460e+01
2.478750893101502299e+02 6.127267266830876480e+01 1.017164260439296974e+01
2.478626016319234964e+02 6.098668642994330469e+01 1.010794963270822322e+01
2.478345213097045985e+02 6.085481015386776704e+01 1.004251042052668197e+01
2.478312492279970058e+02 6.024836819759401152e+01 1.006062917941228463e+01
2.478168603031822386e+02 6.014757790872562992e+01 1.010265762787397037e+01
2.478664840501154174e+02 6.002498988827451853e+01 1.007396696917074230e+01
2.478797249610668416e+02 6.030050594956973953e+01 1.008215807230549821e+01
2.478949785292343790e+02 6.023682508773586619e+01 1.002346889100407701e+01
2.478795360473931169e+02 6.035735443353750895e+01 9.998338528459360219e+00
2.479461547590503017e+02 6.020213763087721048e+01 1.002962796116128708e+01
2.479776209955750517e+02 6.021652655569199197e+01 9.990656039061535765e+00
2.480008622213826186e+02 6.030500112621613340e+01 9.962612046395260990e+00
2.479902031306386618e+02 6.034124348792769155e+01 9.901450033544286100e+00
2.480072102052135392e+02 6.027536832111449172e+01 9.857539714255958430e+00
2.479678822534979190e+02 6.036270698762615439e+01 9.880025285368635224e+00
2.479574508279505096e+02 6.015974104294879510e+01 9.855493149457357660e+00
2.479610183900195466e+02 6.014703538740624111e+01 9.863352442678021248e+00
2.479804062612772952e+02 6.007902404289793452e+01 9.819345244582658339e+00
2.480054566988061993e+02 6.017222145526500299e+01 9.744605666925817644e+00
2.479645496225359409e+02 6.025283915453864836e+01 9.790070891067047754e+00
2.479799509308842289e+02 6.026875876450457525e+01 9.810328249617933594e+00
2.479931821539549617e+02 6.023612513835504956e+01 9.805118591769661052e+00
2.480559305572711253e+02 5.986951877874575700e+01 9.748861068524801610e+00
2.480376180407714344e+02 5.997656259460821104e+01 9.772589110337694507e+00
2.480379668044767811e+02 6.000423844780775084e+01 9.825063516167862332e+00
2.480542545539094306e+02 5.996120972566343710e+01 9.822300048197206479e+00
2.480440653253795915e+02 5.989093141707053292e+01 9.770029087861811234e+00
2.481033963287776203e+02 6.024909478864677226e+01 9.663326769794156945e+00
2.481017469670878484e+02 6.029778123312189564e+01 9.585104399024430677e+00
2.481299217461436228e+02 6.024096181279623607e+01 9.563953333478652397e+00
2.481083444138468792e+02 6.025602404531990430e+01 9.595918495859642405e+00
2.480545742539726461e+02 6.088786762479806924e+01 9.774090731846728275e+00
2.480537580500233616e+02 6.097584084749580313e+01 9.868247244403432816e+00
2.480289522314822079e+02 6.098996819953158877e+01 9.877712303850691100e+00
2.480104362694877693e+02 6.107577860286228599e+01 9.912450622083039065e+00
2.480313620918072104e+02 6.104018290718767759e+01 9.760520432951388159e+00
2.480353099031938484e+02 6.097428109870254787e+01 9.695044891217209582e+00
2.480317108555125287e+02 6.114113062411749411e+01 9.727688205247440933e+00
2.480097460079876441e+02 6.098821953706462295e+01 9.749180768588015411e+00
2.479661820304344815e+02 6.128812241606056688e+01 9.744995604124131461e+00
2.479616311484740265e+02 6.090518955549581648e+01 9.685470843112037542e+00
2.479866379905397764e+02 6.077445402737311042e+01 9.620496649204261175e+00
2.479927195576513554e+02 6.067452595988733322e+01 9.588260226163574984e+00
2.479793187966683377e+02 6.043675630378287167e+01 9.542804689903048754e+00
2.479953667710535683e+02 6.048097179131336532e+01 9.553684179933007670e+00
2.480428276986197318e+02 6.186133251955135393e+01 9.600854471078042351e+00
2.480432370115794356e+02 6.218762760755364383e+01 9.591585591215029183e+00
2.480487760573716400e+02 6.224472313247934352e+01 9.600660713463973650e+00
2.480382865045399967e+02 6.232344685107547377e+01 9.666811984877218933e+00
2.480451866975710118e+02 6.234003734678011455e+01 9.627159489158049865e+00
2.480737732115566700e+02 6.227258063344208239e+01 9.628338988633693418e+00
2.480479622753925355e+02 6.232799531106574165e+01 9.685449045380455146e+00
2.480449517664639529e+02 6.237568874776876271e+01 9.665080276201479137e+00
2.480390518471155588e+02 6.235822149886046617e+01 9.663430914511717873e+00
2.480491974801822153e+02 6.241549140563883213e+01 9.639632635563724961e+00
2.480562526793045208e+02 6.238477597986858569e+01 9.645086912399760237e+00
2.480685296461259384e+02 6.243709295763731859e+01 9.611460278478130448e+00
2.480666259775677247e+02 6.247596315698968539e+01 9.594453203903247740e+00
2.480658896986342370e+02 6.243651652873546709e+01 9.584031466236524466e+00
2.480951737400305603e+02 6.241297013468576438e+01 9.548290452351370305e+00
2.480879005635924557e+02 6.248090397614843994e+01 9.549186581316437383e+00
2.480558336784640971e+02 6.255087953846935989e+01 9.561918878530930144e+00
2.480821362745739123e+02 6.256703165757216567e+01 9.545207284317500651e+00
2.480563834656940116e+02 6.274373133569233119e+01 9.569177523147979869e+00
2.480504133092105121e+02 6.268852252553362092e+01 9.576743757977364879e+00
2.480764543325413456e+02 6.268622165386655354e+01 9.602285855451976104e+00
2.480873992157660552e+02 6.289474117615715443e+01 9.547910203033760368e+00
2.480673113951274900e+02 6.279784299336137821e+01 9.586993535761600072e+00
2.480661754911149899e+02 6.281520367558194096e+01 9.558857508228642885e+00
2.480734825751355572e+02 6.261483408293310049e+01 9.540804142537789190e+00
2.480336290558917938e+02 6.253646397198264850e+01 9.518306461574232102e+00
2.480320184457248729e+02 6.242275005025587831e+01 9.520929455274687925e+00
2.480408053535228703e+02 6.239760273391993195e+01 9.512515530883753456e+00
2.480370634096011884e+02 6.228352067272643922e+01 9.458539503544553639e+00
2.480436632783303992e+02 6.234280081475076685e+01 9.411812432941701445e+00
2.480797627438015809e+02 6.229600592898299283e+01 9.353208020596435190e+00
2.481196307948663957e+02 6.227827952926587329e+01 9.282241872473582234e+00
2.481039315841864834e+02 6.217867600578366449e+01 9.267693097627196508e+00
2.481010470177070317e+02 6.224905603712395674e+01 9.288817521501039565e+00
2.481003058948332125e+02 6.219916345150125636e+01 9.249923102446915735e+00
2.481262791029991206e+02 6.212057778520514972e+01 9.222705001610609798e+00
2.481084703562960385e+02 6.215180424668250936e+01 9.225662227195334353e+00
2.480973438253081440e+02 6.226444765759154620e+01 9.268923458476532318e+00
2.480944689467093838e+02 6.227085376870669364e+01 9.284915727547730313e+00
2.481205245018612970e+02 6.217525376192517683e+01 9.281474107927834893e+00
2.481263202764921232e+02 6.232819633459033781e+01 9.236265612625246035e+00
2.481208756875367953e+02 6.242297771545241147e+01 9.208018174464200456e+00
2.481518647959369162e+02 6.236458401451244526e+01 9.167815891515111559e+00
2.481608478833191782e+02 6.241078067364678361e+01 9.137170702879965134e+00
2.481542673903513503e+02 6.250431473986829189e+01 9.134230431086471924e+00
2.481452939908498081e+02 6.254481734711918506e+01 9.121183277749118190e+00
2.481469167108676288e+02 6.259917846771634942e+01 9.148699280917055532e+00
2.481376623628256652e+02 6.262270306403446796e+01 9.131977998822922160e+00
2.481097297807874895e+02 6.231535262674775311e+01 9.129013507327670141e+00
2.480886368425259150e+02 6.230116956939792061e+01 9.161259618249060210e+00
2.481172257784817532e+02 6.261538387016302210e+01 9.144257387614528554e+00
2.481470087457342970e+02 6.261048180252708306e+01 9.125838304427119851e+00
2.481405711490068597e+02 6.267143552594293254e+01 9.110366758943730048e+00
2.480835458612162654e+02 6.280151470014798321e+01 9.107528209897623128e+00
2.480961304182500271e+02 6.281343079341321101e+01 9.150384972159452346e+00
2.481139585407145205e+02 6.280605105028736546e+01 9.144300983077695122e+00
2.481397622109681436e+02 6.286053569136349495e+01 9.090145729945481534e+00
2.481330242899389020e+02 6.293356778004635999e+01 9.085902438197376085e+00
2.480924538675230622e+02 6.286528759684853185e+01 9.148444974048588918e+00
2.480750883413621750e+02 6.271803423212646322e+01 9.172277160579044519e+00
2.480588562972435511e+02 6.256196005202392030e+01 9.183645888584527128e+00
2.480739693911409063e+02 6.250633950693531204e+01 9.158292704783633553e+00
2.480357507017658634e+02 6.252655327002302954e+01 9.166248876811330604e+00
2.480213520890703762e+02 6.244677115046005156e+01 9.190759214991025772e+00
2.480370440338397771e+02 6.240032745036777584e+01 9.183294702909028828e+00
2.480423142409424315e+02 6.244290568605938319e+01 9.137236096074712322e+00
2.480178547641364446e+02 6.241590071859855016e+01 9.136158319346455059e+00
2.480103175929491499e+02 6.254050381823598315e+01 9.154315829754873235e+00
2.480211607534264715e+02 6.245651715844770990e+01 9.222893915284327448e+00
2.480004892379755290e+02 6.242301888894539985e+01 9.251148619355900493e+00
2.480472381063099476e+02 6.238140217541361210e+01 9.217328227820202002e+00
2.480415658521581008e+02 6.232956474773969546e+01 9.213726758168700570e+00
2.480623487782371512e+02 6.225125518604363606e+01 9.177666044220330832e+00
2.480599922012560228e+02 6.225909025956254084e+01 9.194515690733783941e+00
2.480549714570814785e+02 6.229108206361546962e+01 9.134380593237374057e+00
2.480690697454751614e+02 6.227926769309762989e+01 9.133440868809142188e+00
2.480472041987274849e+02 6.221347487327041392e+01 9.127829163911675536e+00
2.480569187211028748e+02 6.223842358805193697e+01 9.185731204905943414e+00
2.480393158418647204e+02 6.230826352004301327e+01 9.224993763426796889e+00
2.480312555251194624e+02 6.228375075989314524e+01 9.222382879577221360e+00
2.480066797937450076e+02 6.230520214974072957e+01 9.245306827291729590e+00
2.480290394224085446e+02 6.234338693153332400e+01 9.303143475091248504e+00
2.480192038015243838e+02 6.216367674448456881e+01 9.254628990498611429e+00
2.480345881560814405e+02 6.221427654539861862e+01 9.243853645186213441e+00
2.480009058168457727e+02 6.218842443574149570e+01 9.283389886336939512e+00
2.480532615461373211e+02 6.233255103696652810e+01 9.247036113997292972e+00
2.480316963236914773e+02 6.248080467537122473e+01 9.280674857769801278e+00
2.480203348615965240e+02 6.255955987957964481e+01 9.339405212564212633e+00
2.480244933843884780e+02 6.253640584469842878e+01 9.331480526148801857e+00
2.479888928447735168e+02 6.245230777428206892e+01 9.388924814779830541e+00
2.479669522169504035e+02 6.225189458617006721e+01 9.440791306095857038e+00
2.479797063118964786e+02 6.221148643575602932e+01 9.437325466774202809e+00
2.479771559773012939e+02 6.224128151285945165e+01 9.423149675334897779e+00
2.479824964215390537e+02 6.226975903818720326e+01 9.431105847362594830e+00
2.479776355273961030e+02 6.223540823518299447e+01 9.421713447020612975e+00
2.479992685650069006e+02 6.220467101168116386e+01 9.364237672777298016e+00
2.479807017416387396e+02 6.224129846665068300e+01 9.379573587930838841e+00
2.479837122505673506e+02 6.233338419470702974e+01 9.395471400165178011e+00
2.480055269359413046e+02 6.241157507986446973e+01 9.379486397004507481e+00
2.479753007481465943e+02 6.237803563686916419e+01 9.381126070813564866e+00
2.480074984196644721e+02 6.230883994894487188e+01 9.329174810541383422e+00
2.480207393306158963e+02 6.228061673048558333e+01 9.295359262946035983e+00
2.480195525652297022e+02 6.242733968373913456e+01 9.309307389188809623e+00
2.479806702560264569e+02 6.236144271919435766e+01 9.324425327026522936e+00
2.480017971018704941e+02 6.249521055397723757e+01 9.312211331429665506e+00
2.479728206506865149e+02 6.261133675799916176e+01 9.374468074800127226e+00
2.478857823084766494e+02 6.266753131001944865e+01 9.402131818148792064e+00
2.478480746548086984e+02 6.269366194624679167e+01 9.467006711279356779e+00
2.478330075783446773e+02 6.278243684107273737e+01 9.489753855171027652e+00
2.477784987175668050e+02 6.278303022376582732e+01 9.556919932087955871e+00
2.476828018319782529e+02 6.308826628108901247e+01 9.612014909648403105e+00
2.476169872144194528e+02 6.312080545040168289e+01 9.656092344878866029e+00
2.475802338170007886e+02 6.293503065003257291e+01 9.631836313567633923e+00
2.475350737611016996e+02 6.311363157474078633e+01 9.707404205024619870e+00
2.475267131200546373e+02 6.287007340991603144e+01 9.665634907371750018e+00
2.474706832620063039e+02 6.277400596289056978e+01 9.611147844325444112e+00
2.474282091710322788e+02 6.285843584322102373e+01 9.564149513062895736e+00
2.473802686933713062e+02 6.279930344137742537e+01 9.553386277601378040e+00
2.473485384620973662e+02 6.267228079353430559e+01 9.445683685851092193e+00
2.473581197761130852e+02 6.256615248239832994e+01 9.634367272401407334e+00
2.474562991811318966e+02 6.238185266186631850e+01 9.620765487893782719e+00
2.474773751656022114e+02 6.230291580989471356e+01 9.697263415898296657e+00
2.474486288015849311e+02 6.179929859743707254e+01 9.817470639666543875e+00
2.475047773361718839e+02 6.176970696582841924e+01 9.849806363484439942e+00
2.476439049909539278e+02 6.120359807889325765e+01 9.802788656460483807e+00
2.476839498458415960e+02 6.079151922923221463e+01 9.787506024650811653e+00
2.476438735053416451e+02 6.065560310690334234e+01 9.820299500831946915e+00
2.475849639247542200e+02 6.034588882672498755e+01 9.918718680898162887e+00
2.475590706416041087e+02 6.001393843836206798e+01 9.960633296761583821e+00
2.475547207831682783e+02 5.959578286552979165e+01 9.920949315430130255e+00
2.475010620339221248e+02 5.940611838105825626e+01 9.916023028092432412e+00
2.475605504653815672e+02 5.918522501313918838e+01 9.853875273379884447e+00
2.475905368781288871e+02 5.915063927902792074e+01 9.802209805588454117e+00
2.475964682830895640e+02 5.888705384281897892e+01 9.715232012632997183e+00
2.475466846861247632e+02 5.863198889768871425e+01 9.655917963026203310e+00
2.475746971931787641e+02 5.848293843109615864e+01 9.554665077854231470e+00
2.475780903733951561e+02 5.843502943904749003e+01 9.507482676858316495e+00
2.476065921184246577e+02 5.861108971704122439e+01 9.472986555643553075e+00
2.475420320814169486e+02 5.847797823617599988e+01 9.558082477772368080e+00
2.475058042515264560e+02 5.842363891331041970e+01 9.555832467478994730e+00
2.475097326871516827e+02 5.873096270892520465e+01 9.481567595976622798e+00
2.475510103248588507e+02 5.868771600946505629e+01 9.389038647378095348e+00
2.475440471606032702e+02 5.867247212917820320e+01 9.440440120420356962e+00
2.475625316369854261e+02 5.877591689735932334e+01 9.431926895252212617e+00
2.475810669747412760e+02 5.871828853899493339e+01 9.416845286967136630e+00
2.476258710010245068e+02 5.881350587448866207e+01 9.428947871935905667e+00
2.476725011928203060e+02 5.893226960403209347e+01 9.429497659165825496e+00
2.477122844749289641e+02 5.899666736903801478e+01 9.386357526393419803e+00
2.477487762995686467e+02 5.900863432367693662e+01 9.342180790385747002e+00
2.477612688217357402e+02 5.933828626234296877e+01 9.364460494033476579e+00
2.478296870572335706e+02 6.139098833336966266e+01 9.491270008501114575e+00
2.478579369173648104e+02 6.142698607609345629e+01 9.539130561146270892e+00
2.478945401526325725e+02 6.188188535846369831e+01 9.507516584440779184e+00
2.479316737993688378e+02 6.175926585240029709e+01 9.488487164769052740e+00
2.479409572110529041e+02 6.164947067841806927e+01 9.498770850135750621e+00
2.479581556212716862e+02 6.204956077570860629e+01 9.565106191282360726e+00
2.479770881621363685e+02 6.231620273827947898e+01 9.477450246677662449e+00
2.479746710359008546e+02 6.244577814268794924e+01 9.547624410553009255e+00
2.479644769634306840e+02 6.277123280703921182e+01 9.610554461632359491e+00
