2.549965130860767033e+02 3.640094548144673148e+00 6.677237173299170880e-01
2.549973340671039352e+02 6.484692763638659585e+01 2.833733298449157889e+00
2.549961792806041103e+02 6.350315310845068950e+01 2.794420937722724929e+00
2.549962740091841624e+02 6.301670380628456769e+01 2.694540927257472074e+00
2.549944967205867670e+02 6.318064289129669930e+01 2.664259357830444763e+00
2.549941313389208233e+02 6.317748076107648103e+01 2.645101630233753998e+00
2.549911451332064303e+02 6.351313118555073345e+01 2.647411203233402066e+00
2.549935088368232528e+02 6.348118509964544387e+01 2.629110543742049444e+00
2.549932923143545338e+02 6.394397932210424074e+01 2.634704040850572415e+00
2.549928502476475671e+02 6.396814864267477674e+01 2.646644352823362745e+00
2.549936937830986210e+02 6.392641393682956874e+01 2.687688893299531756e+00
2.549945643838582612e+02 6.385280983012007994e+01 2.586221051397020965e+00
2.549933870429346143e+02 6.414608500311250339e+01 2.516645164782620459e+00
2.549927239428741643e+02 6.434488420558808741e+01 2.513144718205028827e+00
2.549923585612081922e+02 6.414712250660844006e+01 2.471432566783648976e+00
2.549952861254206482e+02 6.422520141100476110e+01 2.450235919273206164e+00
2.549943794375828929e+02 6.453457593172325346e+01 2.418492823182338824e+00
2.549946365580144914e+02 6.467841902510758700e+01 2.414974333065687429e+00
2.549947899280965089e+02 6.495708344234638787e+01 2.384408577898469161e+00
2.549936622069052703e+02 6.521604882581669926e+01 2.349801069981866330e+00
2.549943298178504847e+02 6.536798895735410042e+01 2.314074862643558994e+00
2.549940005232626277e+02 6.558742094674450129e+01 2.286553954692673418e+00
2.549925886163312043e+02 6.572378048230379477e+01 2.300691067545988400e+00
2.549927058993351068e+02 6.562404933103579197e+01 2.292648160010104519e+00
2.549937659572548512e+02 6.550730312243443620e+01 2.309536912570031575e+00
2.549949387872937336e+02 6.590905605225408692e+01 2.256358092076179656e+00
2.549944245464305368e+02 6.569438304629069592e+01 2.184562850157429903e+00
2.549942621545789905e+02 6.517347960628997328e+01 1.990085075286666783e+00
2.549924893768663878e+02 6.488607760526149093e+01 1.821098310222567074e+00
2.549917586135344720e+02 6.459405194734895872e+01 1.694225165323926641e+00
2.549931389442725163e+02 6.437793996914554384e+01 1.646540602473769210e+00
2.549925705727921468e+02 6.415324828811922941e+01 1.571064478586829960e+00
2.549933148687783557e+02 6.427415804335862504e+01 1.465338361466217876e+00
2.549938742184892249e+02 6.389168463502431194e+01 1.486566585170015165e+00
2.549939869906083345e+02 6.321672094764667094e+01 1.572521494365904937e+00
2.549925389965987961e+02 6.501949604395406368e+01 1.653252799003996687e+00
2.549930216612686422e+02 6.503199570563769782e+01 1.668228936423590048e+00
2.549916909502629778e+02 6.510784623296012796e+01 1.677358967187824179e+00
2.549921736149328240e+02 6.504426531219833407e+01 1.626241621031549123e+00
2.549935268803623103e+02 6.515965374448543912e+01 1.605423887841361141e+00
2.549938426422958457e+02 6.550576039984483145e+01 1.672577429336990162e+00
2.549932562272764187e+02 6.569154118888879168e+01 1.723744395225679460e+00
2.549961477044107312e+02 6.825697157240421120e+01 1.796888391689145825e+00
2.549957823227447875e+02 6.847444132692186258e+01 1.832041716662306197e+00
2.549943388396200135e+02 6.849584547513148891e+01 1.843760995281614523e+00
2.549956334635475343e+02 6.869679636963994085e+01 1.841370226356197515e+00
2.549954800934655452e+02 6.875681369143744348e+01 1.824810768384110826e+00
2.549946816668621352e+02 6.866169266439919738e+01 1.791051306803316479e+00
2.549946816668621352e+02 6.877009824707018026e+01 1.797700350946834780e+00
2.549938832402587536e+02 6.874575300199380479e+01 1.805116245500392402e+00
2.549951327553386307e+02 6.936237741670650792e+01 1.800483566846801331e+00
2.549952906363054126e+02 6.943440722463303416e+01 1.792273756574614518e+00
2.549954124301940510e+02 6.951894120512797315e+01 1.813867361944371703e+00
2.549964093357271224e+02 6.991074312315618045e+01 1.812496052975830718e+00
2.549942305783856398e+02 7.026152305513203089e+01 1.823443970300334671e+00
2.549955161805436603e+02 6.999398247972357012e+01 1.826209142661241680e+00
2.549971942296762109e+02 7.005833927266493788e+01 1.836106023835515133e+00
2.549959627581353914e+02 7.001036601318982378e+01 1.833715254910098125e+00
2.549952951471901770e+02 7.005913318838356929e+01 1.809374520718493695e+00
2.549939012837978112e+02 7.020947646671417885e+01 1.811476593018954695e+00
2.549960845520240298e+02 7.015768699872792524e+01 1.843282841496531210e+00
2.549967927609321237e+02 7.049115866586072343e+01 1.795751648728381555e+00
2.549954665608112236e+02 7.042432539718340934e+01 1.808652779156103785e+00
2.549940591647645647e+02 7.025707081186904190e+01 1.836218795954638550e+00
2.549940681865340935e+02 7.035798832583023454e+01 1.838393042411338607e+00
2.549936667177900347e+02 7.033311530723635485e+01 1.853788692114071157e+00
2.549947583519031298e+02 7.031596041247530593e+01 1.871931470638651174e+00
2.549941990021922891e+02 7.024325848271880091e+01 1.848934980106998083e+00
2.549952229730339184e+02 7.033639472046047558e+01 1.826281316817480516e+00
2.549959176492877191e+02 6.984898459983941166e+01 1.874416968144131834e+00
2.549960033560982708e+02 6.970275073752965511e+01 1.903169347635845332e+00
2.549956650397408850e+02 6.963520925994424715e+01 1.922367673195420457e+00
2.549950154723347566e+02 6.927577745098923856e+01 1.913927807800221981e+00
2.549958905839791328e+02 6.825463493409597504e+01 1.986160605541170909e+00
2.549947312865945435e+02 6.773609068682731049e+01 1.979980693413206039e+00
2.549954620499264593e+02 6.744716400674828094e+01 1.933978690580370419e+00
2.549950741138366936e+02 6.738469727452341829e+01 1.919647609682163081e+00
2.549962649874146337e+02 6.726932688577537078e+01 1.936265709156193893e+00
2.549956109091237124e+02 6.731115180931587361e+01 1.945467914076667082e+00
2.549936982939833854e+02 6.728988749853395746e+01 1.934668855949405852e+00
2.549943659049285998e+02 6.723277969740985327e+01 1.972686592748301715e+00
2.549947763954422157e+02 6.757191252492263800e+01 1.968026848786120997e+00
2.549951417771081594e+02 6.796177927338668212e+01 1.966213473110616006e+00
2.549954259628483442e+02 6.800087962252916896e+01 1.954710716960024630e+00
2.549959808016744489e+02 6.798622826881263848e+01 1.979060472921158720e+00
2.549953447669225852e+02 6.804512689118843127e+01 1.967891522243172764e+00
2.549935810109794829e+02 6.809565782232526487e+01 1.964350477702696551e+00
2.549936667177900347e+02 6.842243984735165441e+01 1.968951580162933146e+00
2.549941854695379959e+02 6.856198406755501651e+01 1.997135588174264509e+00
2.549947809063269801e+02 6.850719486120007673e+01 1.989751269814061363e+00
2.549963687377642145e+02 6.876165838167497668e+01 2.040349864222368748e+00
2.549956515070865919e+02 6.846601499418095216e+01 2.006631000604458759e+00
2.549959266710572479e+02 6.838670010735906146e+01 2.018251039758938159e+00
2.549952455274577687e+02 6.829641925967359839e+01 2.028693737989769375e+00
2.549960394431763859e+02 6.821558871557067505e+01 2.034454137834595056e+00
2.549961567261802600e+02 6.847634492029266085e+01 2.021801106068944254e+00
2.549962243894517542e+02 6.818957895401604219e+01 2.036984744187725127e+00
2.549940862300731794e+02 6.833104932201402448e+01 2.038617684472632252e+00
2.549932923143545338e+02 6.854283085084308880e+01 2.019829849426666435e+00
2.549950966682605156e+02 6.895208989291160151e+01 2.037701974865349985e+00
2.549946726450926064e+02 6.892737926616926813e+01 2.067577564663533263e+00
2.549944651443934163e+02 6.891415786292323276e+01 2.099158268902862723e+00
2.549950244941042854e+02 6.833878548938588438e+01 2.138989381377263133e+00
2.549940366103407428e+02 6.789395812094583960e+01 2.143468689948846428e+00
2.549946365580144914e+02 6.759482781952851838e+01 2.138357857510172266e+00
2.549943523722743066e+02 6.733784271447001402e+01 2.104900625208628639e+00
2.549950425376433429e+02 6.745628952662775646e+01 2.118144582878485949e+00
2.549949838961413775e+02 6.740026884873199720e+01 2.156974278935070544e+00
2.549951372662233950e+02 6.725828875075556823e+01 2.159432711131961558e+00
2.549960078669830352e+02 6.705916927546168438e+01 2.154087312685510014e+00
2.549956650397408850e+02 6.709917180155716210e+01 2.138218020082458981e+00
2.549952455274577687e+02 6.713541676064343733e+01 2.122497586676650894e+00
2.549943794375828929e+02 6.708904035437510061e+01 2.123904982723311186e+00
2.549956560179713563e+02 6.719302978086122380e+01 2.128564726685492126e+00
2.549947132430554859e+02 6.727798327363929332e+01 2.156329222413684299e+00
2.549946320471297270e+02 6.768755807764134147e+01 2.169397255577708794e+00
2.549952590601120619e+02 6.765611269994496979e+01 2.169275461689055717e+00
2.549946951995164284e+02 6.762651678500220953e+01 2.175383199660781308e+00
2.549959447145963338e+02 6.764997338577988728e+01 2.137875192840323901e+00
2.549956875941647070e+02 6.792474039858177548e+01 2.071529099717618561e+00
2.549953582995768784e+02 6.760524345245076461e+01 2.009409705619660258e+00
2.549962334112212829e+02 6.761306983751792643e+01 2.044747976868182882e+00
2.549959717799049201e+02 6.776321463691888880e+01 2.065024403886578153e+00
2.549954530281569305e+02 6.781988488222080491e+01 2.039718340355277437e+00
2.549933329123174133e+02 6.767263155995416923e+01 2.048144673096181201e+00
2.549950019396804350e+02 6.764438439955613092e+01 2.036700558447533727e+00
2.549919525815793406e+02 6.775443194428154925e+01 1.978744710987613065e+00
2.549953763431159359e+02 6.767944299594923052e+01 1.954331802639769800e+00
2.549944561226238875e+02 6.716214826376045721e+01 1.978108676235756924e+00
2.549941990021922891e+02 6.681840982290266595e+01 1.945264924262244843e+00
2.549938245987567882e+02 6.648478027480310004e+01 1.917198199254801727e+00
2.549944200355457724e+02 6.636218795954638949e+01 1.883537977138836084e+00
2.549944335682000656e+02 6.626571817796342145e+01 1.844360942955351357e+00
2.549928457367628027e+02 6.613190729229630449e+01 1.838334400909394262e+00
2.549924172027101292e+02 6.614593163303050005e+01 1.834793356368918271e+00
2.549920879081223006e+02 6.607335149716264766e+01 1.817259547287604970e+00
2.549921149734308869e+02 6.611142336457872659e+01 1.776408974856328316e+00
2.549924397571339512e+02 6.634349485308048600e+01 1.754260530660483708e+00
2.549950064505652279e+02 6.638754364281010112e+01 1.709368205479822711e+00
2.549927329646436931e+02 6.643618451323042962e+01 1.703937100222837620e+00
2.549937749790243799e+02 6.656208330701983300e+01 1.697915069061645799e+00
2.549947087321707215e+02 6.650125853684942001e+01 1.726446415199877293e+00
2.549937659572548512e+02 6.648658913959384620e+01 1.715530074068727817e+00
2.549923811156320141e+02 6.649830841821314209e+01 1.704740037710996692e+00
2.549929900850752915e+02 6.664969371092446693e+01 1.716396163943595843e+00
2.549921555713937664e+02 6.677020199741977535e+01 1.723766949649504276e+00
2.549917586135344720e+02 6.671604882581669926e+01 1.736244056909322264e+00
2.549928457367628027e+02 6.686788971788926972e+01 1.708299125790532447e+00
2.549937704681396156e+02 6.698360744476421758e+01 1.683101323493590096e+00
2.549933374232021777e+02 6.690108080798968615e+01 1.677408586920238642e+00
2.549931344333877519e+02 6.688720532645272954e+01 1.704460362855570565e+00
2.549926066598702619e+02 6.683023736275633553e+01 1.690399935043259472e+00
2.549923179632453127e+02 6.677547973259474645e+01 1.654551933816298837e+00
2.549928502476475671e+02 6.674808061853251218e+01 1.618740019667457508e+00
2.549930261721534066e+02 6.678064018476584351e+01 1.607805634997248267e+00
2.549930171503838778e+02 6.687160217605081414e+01 1.587208935160542289e+00
2.549939328599911619e+02 6.682340337233745231e+01 1.570884043196232538e+00
2.549937614463700868e+02 6.690128379780409773e+01 1.542754165802080468e+00
2.549927374755284575e+02 6.690450456952626723e+01 1.566111527114928403e+00
2.549930126394991134e+02 6.695831491388720735e+01 1.528905749573721495e+00
2.549936847613290922e+02 6.695655566882888365e+01 1.535027020199742021e+00
2.549917901897278227e+02 6.697146414297699835e+01 1.485835821838095372e+00
2.549927419864132219e+02 6.704012883086888053e+01 1.462221340093645905e+00
2.549930622592315217e+02 6.703367375477026258e+01 1.415353247385942259e+00
2.549909421433920045e+02 6.704422922512021898e+01 1.399483954782891226e+00
2.549935494347861322e+02 6.708539104860027180e+01 1.409177846142742441e+00
2.549923630720929566e+02 6.717474716490892206e+01 1.397945743078047309e+00
2.549924081809406005e+02 6.676403561794610653e+01 1.417144068637622656e+00
2.549920518210441855e+02 6.587321256191189889e+01 1.453587506653555073e+00
2.549930126394991134e+02 6.534876807737069271e+01 1.473169257418150080e+00
2.549924758442120947e+02 6.502115604954755668e+01 1.462911505462681561e+00
2.549925525292530892e+02 6.768091805526735527e+01 1.441326921862454036e+00
2.549933013361240626e+02 6.761663794736699629e+01 1.421754192867388911e+00
2.549918894291926392e+02 6.754725151791272708e+01 1.393687467859946016e+00
2.549895618126539318e+02 6.746263634149201494e+01 1.435814620679700226e+00
2.549900986079409506e+02 6.747889357018485157e+01 1.431249605297583161e+00
2.549934637279756089e+02 6.738876158169662745e+01 1.432093140748626370e+00
2.549922097020109391e+02 6.735133928168670536e+01 1.401423635231814346e+00
2.549918398094602310e+02 6.707088855408099448e+01 1.369364777207401351e+00
2.549907526862318718e+02 6.697888905930008718e+01 1.309672239112979586e+00
2.549894039316871499e+02 6.688892397354817376e+01 1.259213482132385487e+00
2.549916413305305696e+02 6.927446478352264592e+01 1.254422922512021588e+00
2.549888490928610736e+02 6.890814936441633165e+01 1.122452477829001483e+00
2.549872567505390464e+02 6.864727136580569322e+01 1.043629277446478376e+00
2.549839502720063535e+02 6.835313010293839397e+01 9.542866937921203885e-01
2.549845727741039241e+02 6.855736041067095243e+01 9.561181130066851441e-01
2.549867425096758495e+02 6.876708046516243655e+01 1.013744665878765439e+00
2.549913255685970341e+02 7.181133675559124185e+01 1.124229766426386945e+00
2.549909376325072401e+02 7.187579729888220470e+01 1.181256371624730406e+00
2.549890430609059706e+02 7.170961630414188903e+01 1.233533015165594549e+00
2.549924803550968591e+02 7.188929386609889605e+01 1.236072643288254502e+00
2.549903376848334915e+02 7.187720469492886366e+01 1.230988876158169765e+00
2.549911857311693097e+02 7.182386799346824091e+01 1.270089225300650382e+00
2.549929945959600559e+02 7.186724015048311287e+01 1.281524318179767752e+00
2.549916638849543915e+02 7.181297420676091292e+01 1.310118816704708422e+00
2.549884250696931645e+02 7.200151565728101843e+01 1.243357722183629166e+00
2.549890971915231432e+02 7.220475357036529829e+01 1.253538789098093797e+00
2.549904008372202213e+02 7.247445937046092013e+01 1.362557852097110223e+00
2.549919210053859899e+02 7.269554234367528522e+01 1.424875725124725934e+00
2.549939373708759263e+02 7.259013198848822412e+01 1.529262109470151509e+00
2.549938155769872594e+02 7.252506698663876250e+01 1.606574163456420345e+00
2.549932201401983036e+02 7.254200084804634230e+01 1.610286621617964098e+00
2.549932652490459475e+02 7.269438304629069592e+01 1.596492336006784418e+00
2.549924532897882727e+02 7.288445819763087741e+01 1.628654944380790948e+00
2.549922142128957034e+02 7.272820114937343305e+01 1.693823696579847216e+00
2.549942486219246973e+02 7.213207870591737958e+01 1.723036186317584262e+00
2.549938155769872594e+02 7.166027624658300965e+01 1.723049718971879196e+00
2.549912173073626604e+02 7.139586622520141646e+01 1.720803298358940081e+00
2.549925976381007331e+02 7.115049664841261290e+01 1.695240114396037612e+00
2.549939960123778633e+02 7.112857374845502534e+01 1.675969614680223430e+00
2.549913526339056205e+02 7.095219815414596098e+01 1.658801187264870025e+00
2.549911721985150166e+02 7.111324125113900152e+01 1.629484947177539444e+00
2.549949884070261419e+02 7.115021697355719255e+01 1.665062295318603836e+00
2.549939103055673399e+02 7.134259267612749511e+01 1.670822695163429294e+00
2.549928682911866247e+02 7.130511173461562180e+01 1.724642061293902184e+00
2.549936261198271552e+02 7.139071479479984816e+01 1.712634086049637849e+00
2.549940366103407428e+02 7.140098607940961983e+01 1.722386618911433187e+00
2.549948891675613254e+02 7.136464188085851390e+01 1.743389298376983643e+00
2.549942801981180480e+02 7.140643522820566602e+01 1.772728092888139040e+00
2.549949658526023200e+02 7.148618315996499462e+01 1.762253818463953570e+00
2.549949162328699117e+02 7.150041951228314474e+01 1.757774509892370274e+00
2.549939283491063975e+02 7.142387881959167828e+01 1.769620093285096951e+00
2.549944606335086519e+02 7.151404689515801749e+01 1.736410959645624974e+00
2.549948215042898596e+02 7.144994722264824816e+01 1.719138781880678035e+00
2.549945914491668475e+02 7.160355638154867108e+01 1.733889375062024563e+00
2.549926743231417277e+02 7.153887029401947473e+01 1.703607805634997252e+00
2.549941223171512945e+02 7.152847721552105043e+01 1.680958653230244515e+00
2.549935629674404254e+02 7.165643748364804821e+01 1.684328284149653188e+00
2.549920969298918294e+02 7.163112690923198045e+01 1.730289689019604227e+00
2.549922277455500250e+02 7.166131375007894633e+01 1.765393394260350135e+00
2.549949207437546761e+02 7.164842164142075376e+01 1.742762285394657384e+00
2.549944967205867670e+02 7.175016013640914991e+01 1.752478731178333415e+00
2.549952500383425331e+02 7.193210216251816291e+01 1.754964228683814076e+00
2.549941132953817657e+02 7.208086663118103843e+01 1.732044423193165095e+00
2.549933464449717064e+02 7.225156302157104449e+01 1.722770044116453070e+00
2.549925886163312043e+02 7.236216540512256756e+01 1.715823281578448878e+00
2.549941990021922891e+02 7.249539889753975785e+01 1.724272168743177236e+00
2.549943523722743066e+02 7.243791218209540261e+01 1.707649558384381594e+00
2.549946094927059050e+02 7.204656135254369076e+01 1.686267964598576308e+00
2.549930712810010505e+02 7.150418610106186179e+01 1.692407278763656597e+00
2.549927961170303945e+02 7.100259826962459897e+01 1.727222287379446497e+00
2.549933464449717064e+02 7.076760823867994077e+01 1.729058217478776305e+00
2.549935990545185405e+02 7.041903864023889525e+01 1.712422074465685728e+00
2.549920608428137143e+02 7.032412511389983933e+01 1.666789964183575057e+00
2.549925570401378536e+02 7.022926120729319166e+01 1.695465658634284445e+00
2.549916774176086847e+02 7.011146396254160607e+01 1.692353148146477526e+00
2.549933509558564708e+02 7.010703878458720339e+01 1.677264238607760527e+00
2.549919300271555187e+02 7.007834053571266963e+01 1.674102108387539145e+00
2.549939644361845126e+02 7.015002751639705991e+01 1.672315798020623800e+00
2.549937749790243799e+02 7.004530281569427075e+01 1.667980837761518620e+00
2.549939328599911619e+02 6.999786635150618963e+01 1.664074411555082511e+00
2.549930983463096368e+02 6.991950326136968386e+01 1.659987549958048758e+00
2.549946997104011928e+02 6.985162797831166870e+01 1.608094331622204276e+00
2.549941132953817657e+02 6.987117364199814062e+01 1.609145367772434776e+00
2.549920247557355992e+02 6.980154813565133054e+01 1.608861182032243820e+00
2.549908113277338089e+02 6.981787302761563296e+01 1.600619795566702530e+00
2.549924578006730371e+02 6.969092770856076413e+01 1.645561740479777768e+00
2.549937028048681498e+02 6.982855480273900639e+01 1.639652481437709142e+00
2.549939418817606906e+02 6.980203982209070546e+01 1.644849020686917518e+00
2.549948260151746240e+02 6.978970255225860342e+01 1.659689831563562867e+00
2.549926653013721989e+02 6.957377100944579240e+01 1.626791948972871493e+00
2.549940681865340935e+02 6.959329862959320678e+01 1.631929846720135746e+00
2.549950560702976361e+02 6.964161922719522124e+01 1.641289932607381541e+00
2.549946906886316640e+02 6.963942242631469526e+01 1.638448075205470866e+00
2.549938516640654029e+02 6.960405708975758898e+01 1.616033488808494845e+00
2.549942937307723412e+02 6.981082251472804501e+01 1.618379148886262442e+00
2.549921465496242377e+02 6.979412321932824170e+01 1.566097994460633469e+00
2.549937704681396156e+02 6.991226780220672765e+01 1.582743159243253928e+00
2.549927194319893999e+02 6.986069936757395737e+01 1.592229549903918073e+00
2.549926201925245550e+02 6.992322925218552143e+01 1.558388892397354786e+00
2.549940952518427082e+02 6.976744133594363007e+01 1.575904657939608322e+00
2.549941990021922891e+02 6.985219634979205239e+01 1.598332776990879056e+00
2.549955793329303617e+02 6.990719756773093252e+01 1.663438376803226149e+00
2.549949974287956707e+02 7.005507790297988890e+01 1.681508981171566885e+00
2.549949252546394405e+02 7.000725801358677813e+01 1.757174562218633662e+00
2.549967205867758935e+02 7.007943668071055754e+01 1.772326624144059615e+00
2.549951282444538663e+02 6.939229811535234660e+01 1.795918551464684265e+00
2.549952725927663550e+02 6.865431736780851679e+01 1.816406990067031657e+00
2.549949613417175556e+02 6.813034201528287781e+01 1.802499932336728561e+00
2.549934907932841952e+02 6.752950569724745833e+01 1.855390056205624250e+00
2.549953537886921140e+02 6.752368665590068986e+01 1.829452468807231780e+00
2.549952500383425331e+02 6.753918154506824578e+01 1.814801115090713957e+00
2.549948575913679747e+02 6.729655909710130857e+01 1.831103452631199113e+00
2.549958229207076670e+02 6.726986368106240377e+01 1.828054094530101148e+00
2.549961522152954956e+02 6.733432422435336662e+01 1.859589689921781197e+00
2.549965852602329335e+02 6.734479398789278548e+01 1.872260765226491541e+00
2.549959041166334259e+02 6.739052533763972974e+01 1.873636585079797579e+00
2.549961792806041103e+02 6.741271889068322309e+01 1.915989282137798400e+00
2.549958138989381382e+02 6.721243560711998555e+01 1.978401883745477763e+00
2.549957733009752587e+02 6.695824273973097718e+01 2.016306848425250209e+00
2.549954304737331086e+02 6.675215394747526432e+01 1.980688902321301237e+00
2.549969641745531987e+02 6.647063414018025185e+01 1.922151150726703506e+00
2.549966123255415198e+02 6.626223126404012476e+01 1.920500166902736394e+00
2.549963552051099214e+02 6.556185776278158528e+01 1.929580577934556063e+00
2.549953898757702291e+02 6.545994334328734965e+01 1.909674043466885518e+00
2.549943613940438354e+02 6.511870393258934087e+01 1.850883682325451307e+00
2.549951147117995731e+02 6.958316718241115950e+01 1.851564825924956859e+00
2.549939960123778633e+02 6.953211298864158607e+01 1.879654105356224569e+00
2.549951147117995731e+02 6.951483629999188452e+01 1.899177214618875453e+00
2.549944110137762436e+02 6.964762321481735796e+01 1.919661142336457793e+00
2.549961431935259668e+02 6.978088377254314878e+01 1.988822027552484162e+00
2.549956515070865919e+02 7.003398500581904784e+01 2.023808449789341601e+00
2.549969145548207905e+02 7.019647609682162681e+01 2.002945607751504209e+00
2.549957417247819080e+02 7.027319722490369713e+01 1.982168472524200808e+00
2.549950064505652279e+02 7.056346814864267003e+01 1.972889582562723954e+00
2.549951282444538663e+02 7.064642783035463935e+01 1.997307001795332049e+00
2.549967476520844798e+02 7.093996012377867544e+01 2.012910152197251890e+00
2.549966213473110486e+02 7.074673186398780445e+01 1.984708100646860984e+00
2.549955928655846549e+02 7.077206048194292975e+01 2.030520646319569078e+00
2.549958950948638972e+02 7.103546006513717259e+01 2.061339011033624047e+00
2.549952680818815907e+02 7.110512165856211197e+01 2.133675559124166732e+00
2.549958319424771958e+02 7.102108838627609089e+01 2.166532843751973303e+00
2.549970183051703714e+02 7.108842236316230867e+01 2.216414207482655829e+00
2.549970543922484865e+02 7.107664895392582594e+01 2.261486968053914026e+00
2.549953402560378208e+02 7.081945183728336701e+01 2.281772416841839402e+00
2.549951959077253321e+02 7.020860135506978850e+01 2.377958012684608047e+00
2.549946140035906694e+02 6.952060572160623053e+01 2.332059760201365961e+00
2.549952274839186828e+02 6.920788863527693024e+01 2.322334292648160048e+00
2.549952590601120619e+02 6.899833097263697823e+01 2.343418168039479443e+00
2.549956289526627700e+02 6.893537706485750505e+01 2.357672563896682671e+00
2.549963236289165707e+02 6.877100042402317115e+01 2.415926129751089224e+00
2.549971130337504519e+02 6.872432178847559214e+01 2.424402082224407451e+00
2.549968153153559456e+02 6.892483061627707741e+01 2.391138817967756403e+00
2.549958950948638972e+02 6.844835036944145656e+01 2.321892225941196042e+00
2.549964003139575937e+02 6.832357929684327758e+01 2.287167435020704964e+00
2.549963100962622775e+02 6.812481618144582285e+01 2.265023501709625187e+00
2.549945418294344393e+02 6.795706539880731611e+01 2.268898351722707041e+00
2.549950605811824005e+02 6.793133982299288220e+01 2.270571889970498969e+00
2.549938336205263170e+02 6.788655124816180830e+01 2.267815739379121620e+00
2.549958860730943684e+02 6.805763557464160840e+01 2.275863157799770775e+00
2.549947538410183654e+02 6.832113439730068194e+01 2.270598955279088393e+00
2.549957507465514368e+02 6.845513474012793154e+01 2.290302499932336922e+00
2.549958229207076670e+02 6.855277284086500345e+01 2.316032586631541879e+00
2.549967656956235373e+02 6.852749835352706498e+01 2.305377876816758764e+00
2.549967792282778305e+02 6.861553729148435821e+01 2.292688757972988878e+00
2.549970318378246645e+02 6.878774933915538270e+01 2.335488032622718535e+00
2.549953537886921140e+02 6.887756556571005717e+01 2.313443338776467684e+00
2.549939960123778633e+02 6.890716148065281743e+01 2.298647636747471523e+00
2.549954124301940510e+02 6.907244029844014221e+01 2.290239347545627524e+00
2.549962379221060473e+02 6.917929413675197736e+01 2.312717086329312721e+00
2.549966709670434852e+02 6.878837635213770341e+01 2.280725891576373954e+00
2.549972664038324410e+02 6.855980079932878368e+01 2.270427541658020854e+00
2.549946275362449626e+02 6.821623828297681769e+01 2.279277897566828859e+00
2.549940952518427082e+02 6.787686186768672769e+01 2.280040237092103350e+00
2.549945824273973187e+02 6.772107846232960071e+01 2.249262470340932740e+00
2.549952906363054126e+02 6.769327787952329345e+01 2.204654330900462700e+00
2.549952635709968263e+02 6.764434831247801583e+01 2.195713757296356317e+00
2.549949929179109063e+02 6.770118546051622843e+01 2.172284221827269324e+00
2.549964544445747663e+02 6.769557391986865014e+01 2.154714325667836494e+00
2.549963552051099214e+02 6.768339453100331582e+01 2.178017556363505136e+00
2.549969371092446124e+02 6.779312631379518450e+01 2.155111283527150867e+00
2.549965536840395828e+02 6.777493391553819890e+01 2.171900796622249441e+00
2.549963552051099214e+02 6.790179803866730879e+01 2.151773228801097115e+00
2.549937930225634375e+02 6.765692014831789436e+01 2.157452432720153634e+00
2.549943433505047778e+02 6.765173714172297537e+01 2.155183457683389925e+00
2.549947267757097791e+02 6.785683805021517401e+01 2.178274676795106668e+00
2.549957011268190001e+02 6.774598305711681689e+01 2.182379581931200185e+00
2.549964409119204731e+02 6.764304466678093775e+01 2.245207184937253686e+00
2.549965356405005252e+02 6.768854596140486990e+01 2.290212282237038099e+00
2.549949613417175556e+02 6.782185613886308317e+01 2.292751910359697831e+00
2.549968604242035894e+02 6.770666618550562532e+01 2.304764396488727218e+00
2.549940366103407428e+02 6.769287641077920625e+01 2.272231895563995963e+00
2.549959717799049201e+02 6.766516604566820092e+01 2.277216423229252218e+00
2.549944516117391231e+02 6.765062746407080851e+01 2.237367267215791600e+00
2.549950019396804350e+02 6.772573369540701549e+01 2.225945706990969164e+00
2.549955071587741315e+02 6.757653618180670207e+01 2.229829578773580678e+00
2.549949613417175556e+02 6.760352029447055600e+01 2.200639643459668005e+00
2.549941313389208233e+02 6.765074474707469676e+01 2.161634022897251040e+00
2.549937253592919717e+02 6.782056151493553386e+01 2.170358074032640694e+00
2.549951056900300443e+02 6.773254513140207678e+01 2.155535306695055109e+00
2.549945237858953533e+02 6.706172694712340387e+01 2.189082756691897558e+00
2.549947628627878942e+02 6.661593424934366681e+01 2.163460931227050743e+00
2.549956199308932412e+02 6.603082287559881536e+01 2.157380258563914577e+00
2.549939689470692770e+02 6.581033985005818465e+01 2.072846278068980475e+00
2.549929855741905271e+02 6.836381638894653179e+01 2.102455725666032116e+00
2.549916638849543915e+02 6.821058614436635992e+01 2.101855777992295504e+00
2.549949207437546761e+02 6.825506346814864855e+01 2.110034012071127840e+00
2.549946185144754338e+02 6.827955306153748438e+01 2.104458558501664633e+00
2.549951688424167457e+02 6.804818527105906867e+01 2.086401486787618609e+00
2.549952229730339184e+02 6.796907788493635394e+01 2.074416065967178646e+00
2.549949929179109063e+02 6.791366166559909345e+01 2.074591990473011460e+00
2.549930712810010505e+02 6.805647627725701909e+01 2.055858286044224936e+00
2.549940772083036507e+02 6.809085373005061115e+01 2.024372310384958684e+00
2.549933689993955284e+02 6.798186624324495142e+01 2.007253502702019965e+00
2.549926878557960492e+02 6.805855128424889244e+01 2.027250254864989110e+00
2.549949117219851473e+02 6.803615925227573769e+01 2.055596654727858130e+00
2.549954259628483442e+02 6.803704789657443541e+01 2.053386321193038988e+00
2.549938877511435180e+02 6.820321986954520810e+01 2.051009084921916692e+00
2.549942441110399329e+02 6.836094746623602703e+01 2.099036475014209202e+00
2.549950019396804350e+02 6.832192380213454896e+01 2.119935404130166123e+00
2.549953447669225852e+02 6.812789711574028217e+01 2.110949721678410107e+00
2.549957733009752587e+02 6.812479362702200092e+01 2.100024358777730527e+00
2.549946636233230777e+02 6.812665211154515532e+01 2.037169690463087601e+00
2.549940546538798003e+02 6.835739288904125033e+01 2.055596654727858130e+00
2.549959311819420122e+02 6.846845989372356200e+01 2.068881210360600242e+00
2.549958229207076670e+02 6.882516261739577601e+01 2.098319244336584344e+00
2.549962694982993980e+02 6.887990671490305772e+01 2.166564419945328002e+00
2.549948395478289171e+02 6.901311314201167590e+01 2.199755510045740436e+00
2.549950064505652279e+02 6.912736032045324919e+01 2.167376379203016956e+00
2.549957642792057300e+02 6.910603285728463163e+01 2.186344649639580417e+00
2.549962063459126966e+02 6.909704717483286629e+01 2.190314228232725480e+00
2.549967296085454223e+02 6.909116047021463203e+01 2.202412421172288859e+00
2.549965175969614677e+02 6.902691644939238813e+01 2.180724087222468022e+00
2.549964003139575937e+02 6.910322257607607810e+01 2.207072165134469355e+00
2.549958409642467245e+02 6.907354997609230907e+01 2.192592225039019294e+00
2.549944516117391231e+02 6.921775394025783612e+01 2.180340662017448139e+00
2.549964093357271224e+02 6.902289274018205845e+01 2.204780635673881051e+00
2.549947583519031298e+02 6.884077478956722018e+01 2.169122091607047942e+00
2.549943072634266343e+02 6.868019180282020386e+01 2.068240664723978828e+00
2.549952906363054126e+02 6.851142156022481799e+01 2.022022139422426257e+00
2.549941899804227603e+02 6.831595590159054154e+01 1.978843950452441769e+00
2.549936531851357415e+02 6.771165973494041168e+01 1.967435922881914045e+00
2.549930757918858149e+02 6.704744097507284550e+01 1.964684283175301971e+00
2.549926698122569633e+02 6.613944046985375280e+01 1.974702958238228945e+00
2.549907887733099869e+02 6.597011087754752623e+01 1.965121838997500925e+00
2.549926653013721989e+02 6.851285602158007748e+01 2.040800952698862414e+00
2.549932201401983036e+02 6.835419918262768135e+01 2.038613173587867422e+00
2.549925615510226180e+02 6.824994812482520956e+01 2.072787636567036351e+00
2.549928457367628027e+02 6.839593839935764663e+01 2.059480526510469645e+00
2.549942080239618178e+02 6.830821522333390305e+01 2.068885721245365072e+00
2.549937840007939087e+02 6.824486886857988566e+01 2.065443916169717564e+00
2.549927600299522794e+02 6.811280820620156362e+01 2.122565249948124677e+00
2.549938922620282824e+02 6.823560802215746435e+01 2.113367555912416762e+00
2.549936080762880692e+02 6.795617675450863260e+01 2.125569499201573453e+00
2.549947312865945435e+02 6.810155354871304212e+01 2.145927122145737886e+00
2.549956063982389480e+02 6.826241169943072862e+01 2.144312225399890082e+00
2.549945237858953533e+02 6.870810064686087060e+01 2.133242514186732386e+00
2.549945102532410601e+02 6.893716337522441506e+01 2.143288254558249228e+00
2.549931840531201885e+02 6.889989895618126070e+01 2.196259574352913635e+00
2.549946771559773708e+02 6.912498308418213355e+01 2.209111085048221401e+00
2.549945463403192036e+02 6.922000938264031333e+01 2.172599983760814979e+00
2.549940140559169208e+02 6.930864375738657657e+01 2.167759804408036395e+00
2.549925931272159687e+02 6.957207040588940572e+01 2.147605171278294645e+00
2.549942576436942261e+02 6.957566107016229751e+01 2.160028147920933339e+00
2.549937840007939087e+02 6.991730194960439349e+01 2.155869112167660528e+00
2.549947132430554859e+02 6.994614003590663742e+01 2.103028608031179303e+00
2.549942801981180480e+02 6.991737412376063787e+01 2.066120548884458064e+00
2.549946230253601982e+02 7.006830381711068867e+01 2.044080365922972042e+00
2.549937885116786731e+02 7.015748851979827805e+01 2.038910891982353313e+00
2.549924397571339512e+02 7.042026560089496456e+01 2.045943361330891275e+00
2.549927600299522794e+02 7.045884268740471157e+01 2.019072020786157218e+00
2.549943433505047778e+02 6.977575038568065224e+01 2.010194599568759344e+00
2.549921330169699445e+02 6.911248342249848520e+01 1.962216829208881075e+00
2.549935494347861322e+02 6.878045974937523965e+01 1.951165161534783365e+00
2.549932562272764187e+02 6.853112510487807185e+01 1.930726342664850215e+00
2.549936486742509771e+02 6.831241034616529362e+01 1.922146639841938676e+00
2.549923044305910196e+02 6.796454444574759179e+01 1.892794312676488344e+00
2.549936035654033049e+02 6.797107169600245413e+01 1.901825103975893771e+00
2.549904233916440432e+02 6.786626128848912742e+01 1.866356017069187967e+00
2.549907346426928143e+02 6.774537408767355373e+01 1.862747309257237749e+00
2.549917044829172710e+02 7.032882094494013359e+01 1.932724664615717680e+00
2.549911631767454878e+02 7.033101774582065957e+01 1.915862977364380271e+00
2.549918127441516447e+02 7.045566702453018593e+01 1.967228422182726977e+00
2.549922412782043182e+02 7.024585675234339988e+01 1.988181481915862969e+00
2.549931524769268378e+02 6.998936784460903482e+01 2.006134803280315460e+00
2.549946455797840201e+02 6.996637586496215988e+01 2.025892478550742837e+00
2.549946500906687845e+02 7.110653356549353532e+01 2.091922809739902522e+00
2.549941358498055877e+02 7.141730646048915787e+01 2.220907048708533615e+00
2.549947357974793078e+02 7.151396118834747995e+01 2.361006107737971593e+00
2.549947087321707215e+02 7.207150203440902203e+01 2.368927221385202397e+00
2.549959672690201558e+02 7.222798011601994972e+01 2.434975596113421847e+00
2.549958544969010177e+02 7.220327400016239494e+01 2.453050711366527636e+00
2.549957868336295519e+02 7.224334418952933845e+01 2.466637496278520025e+00
2.549943162851961915e+02 7.215452486850770697e+01 2.472176862769863703e+00
2.549947763954422157e+02 7.248459532852773179e+01 2.457083442346381652e+00
2.549965130860767033e+02 7.243398320146513925e+01 2.441714857952238749e+00
2.549951417771081594e+02 7.252937037070451254e+01 2.487698817246014826e+00
2.549965987928872266e+02 7.232890665175067113e+01 2.487396587966763661e+00
2.549945959600516119e+02 7.250120891711699755e+01 2.500527773517497554e+00
2.549954981370046028e+02 7.245868480643792964e+01 2.442256164124031237e+00
2.549960168887525640e+02 7.268686791227231936e+01 2.401698799202475421e+00
2.549951643315319814e+02 7.266766507582796919e+01 2.451941033714352791e+00
2.549952951471901770e+02 7.265999657172757509e+01 2.391305720704059112e+00
2.549943478613895422e+02 7.244577916512544391e+01 2.380060084985069047e+00
2.549947267757097791e+02 7.247612839782395611e+01 2.295706539880732144e+00
2.549948530804832103e+02 7.202464296347085337e+01 2.268523948287217262e+00
2.549948350369441528e+02 7.110179713649034738e+01 2.232671436175491575e+00
2.549938742184892249e+02 7.059895527908844315e+01 2.185271059065525101e+00
2.549943568831590710e+02 7.020680602293333550e+01 2.144984347229865751e+00
2.549948621022527391e+02 7.011797768014218946e+01 2.065822830489972173e+00
2.549931028571944012e+02 6.991910179262561087e+01 2.116209413314327659e+00
2.549947448192488366e+02 6.986126322816957668e+01 2.065164241314291438e+00
2.549940681865340935e+02 6.966358723600046687e+01 2.062245698871376653e+00
2.549934592170908445e+02 6.963375675504993012e+01 2.044332975469808744e+00
2.549915375801809887e+02 6.992728453758920182e+01 2.040764865620742885e+00
2.549914608951399657e+02 6.983712999467715576e+01 2.045181021805616783e+00
2.549946636233230777e+02 6.996936658156130306e+01 2.013609339335817427e+00
2.549951102009148087e+02 7.004771162815875130e+01 1.936617558167859077e+00
2.549923585612081922e+02 6.990362043611233389e+01 1.894147578105969787e+00
2.549927870952608657e+02 6.987455680557184223e+01 1.904770711727398202e+00
2.549937163375224429e+02 7.005910612307498297e+01 1.868331784596230616e+00
2.549930803027705792e+02 7.005537562137438101e+01 1.855787014064938623e+00
2.549928682911866247e+02 7.004387737610855424e+01 1.836629286468247857e+00
2.549938155769872594e+02 7.025018720171775044e+01 1.835961675523037018e+00
2.549927555190675150e+02 7.025301552646536152e+01 1.887981198632299629e+00
2.549936216089423908e+02 7.021062674232923939e+01 1.925556868724231485e+00
2.549944471008543587e+02 7.022394287415534109e+01 1.949487112402226607e+00
2.549930983463096368e+02 7.016435408641051197e+01 1.983242063098256125e+00
2.549915195366419312e+02 7.031767905957075016e+01 1.985655386447497728e+00
2.549931750313506598e+02 7.027450989237028978e+01 1.914139819384174102e+00
2.549934186191279650e+02 7.076907427622853675e+01 1.937050603105292979e+00
2.549932111184287749e+02 7.095636621166875102e+01 1.984690057107801220e+00
2.549940456321102715e+02 7.109292422615772011e+01 2.033957940510451756e+00
2.549928141605694520e+02 7.106609799446063391e+01 2.049822722228737959e+00
2.549935990545185405e+02 7.110803569012026060e+01 2.070644966303690993e+00
2.549939915014930989e+02 7.109367303302869345e+01 2.033985005819041181e+00
2.549926968775655780e+02 7.119210956036917537e+01 2.031021354528477207e+00
2.549936982939833854e+02 7.118191496080041247e+01 1.993062259231525690e+00
2.549921961693566459e+02 7.105795133657515805e+01 1.958166054689966851e+00
2.549935178585927815e+02 7.111315554432846398e+01 1.938191856950822300e+00
2.549926517687179057e+02 7.126714812843391655e+01 1.837111951138096222e+00
2.549922593217433757e+02 7.120829010402100323e+01 1.809861696273107112e+00
2.549931028571944012e+02 7.125418384561947960e+01 1.796031323583807682e+00
2.549926337251788482e+02 7.140131086311268405e+01 1.703801773679889608e+00
2.549911451332064303e+02 7.144201257634672686e+01 1.704834766291060344e+00
2.549909331216224757e+02 7.127982822550815456e+01 1.731688063296735081e+00
2.549929359544581189e+02 7.075581678590438628e+01 1.794520177187553633e+00
2.549922999197062552e+02 7.022011764387467281e+01 1.832177043205254208e+00
2.549928728020713891e+02 7.005233979592757976e+01 1.845493175031350574e+00
2.549929720415362340e+02 6.991443753777865311e+01 1.895794051045172068e+00
2.549927374755284575e+02 6.997518111202330715e+01 1.886718150898117230e+00
2.549914022536380287e+02 6.970888102992520885e+01 1.831022256705430173e+00
2.549920022013117773e+02 6.961806789783747718e+01 1.844821053201374905e+00
2.549912218182474248e+02 7.003091309329411729e+01 1.792806040976877124e+00
2.549908609474662455e+02 6.996512634988226864e+01 1.771072598179406876e+00
2.549893723554937992e+02 6.994840450005864341e+01 1.771735698239852663e+00
2.549908113277338089e+02 6.989604666059200611e+01 1.735436608536398362e+00
2.549927600299522794e+02 6.950122696065606931e+01 1.705556507853450476e+00
2.549922006802414103e+02 6.952377687359599179e+01 1.697675992169104031e+00
2.549918804074231105e+02 6.941267829272032941e+01 1.682808115983869035e+00
2.549894941493824660e+02 6.946185595842769089e+01 1.628158747056647648e+00
2.549881318621834509e+02 6.924504930397047531e+01 1.664290934023799462e+00
2.549904324134135720e+02 6.942806492065354007e+01 1.629972122732152640e+00
2.549921691040480596e+02 6.979028445639328027e+01 1.638863076603845004e+00
2.549905948052651183e+02 6.974831969542506727e+01 1.671607589112528602e+00
2.549906579576518197e+02 6.987568001587831645e+01 1.641443302689389538e+00
2.549912533944407755e+02 6.992261126097272950e+01 1.628853423310448134e+00
2.549906940447299348e+02 6.981056088341166799e+01 1.566905442833557371e+00
2.549887994731286653e+02 6.972821468202772621e+01 1.477810957841271033e+00
2.549890295282516774e+02 6.991741021083875296e+01 1.414523244589193762e+00
2.549883709390759918e+02 6.988114720821342019e+01 1.411649810993928389e+00
2.549914834495637876e+02 7.027330097525329222e+01 1.428281443122253913e+00
2.549904188807592789e+02 7.030934294452514166e+01 1.405537562137437746e+00
2.549887904513591366e+02 7.038485966637496460e+01 1.398054004312405896e+00
2.549883574064216987e+02 7.050510632155391022e+01 1.390602022680728522e+00
2.549886370812771190e+02 7.049150149310285940e+01 1.364204325036312726e+00
2.549898640419331741e+02 7.062127513690535352e+01 1.375472515179127164e+00
2.549893813772633280e+02 7.068002490008390737e+01 1.379266169266439857e+00
2.549886235486228259e+02 7.065719982317331471e+01 1.378472253547810888e+00
2.549883844717302850e+02 7.071464594065480469e+01 1.376514529559827782e+00
2.549895347473453455e+02 7.083896592477648824e+01 1.355615600443871083e+00
2.549907346426928143e+02 7.094632498218200567e+01 1.335857925173443483e+00
2.549899632813980190e+02 7.091708542713567454e+01 1.379857095170646808e+00
2.549910098066634703e+02 7.115420008480462855e+01 1.359891919201032140e+00
2.549873379464648337e+02 7.029225120215079414e+01 1.370474454859576197e+00
2.549879559376776115e+02 6.979466903638480346e+01 1.252596014182221662e+00
2.549872387069999888e+02 6.938930288786842482e+01 1.081038044802107523e+00
2.549853035374358399e+02 6.930037079472768369e+01 9.388775114350929041e-01
2.549832240195592021e+02 6.908578349557481602e+01 8.461292097832068260e-01
2.549817173840476983e+02 7.176107647754029983e+01 8.674656947213627012e-01
2.549824752126882288e+02 7.193597250164647505e+01 8.631397562317872918e-01
2.549798002580226068e+02 7.210908672627049043e+01 8.599505607029762633e-01
2.549834540746822142e+02 7.210577122596825461e+01 8.861633120720298074e-01
2.549821504289851362e+02 7.223360970020659977e+01 9.255704013785264195e-01
2.549830661385924202e+02 7.238684445567153602e+01 9.613868264121324669e-01
2.549829578773580749e+02 7.238848641772597148e+01 9.848524489593388775e-01
2.549821955378327800e+02 7.231294263056756222e+01 1.004402623530579186e+00
2.549830661385924202e+02 7.251357776314246451e+01 9.963822704185198997e-01
2.549829127685104027e+02 7.248222711402614493e+01 9.818797758992449110e-01
2.549835713576860883e+02 7.261192858367239467e+01 9.880732206815044938e-01
2.549852403850491100e+02 7.255981884286784123e+01 1.015436247665617131e+00
2.549867334879063208e+02 7.254751314922908989e+01 1.049353590213184306e+00
2.549846584809144474e+02 7.256913833079219955e+01 1.074438620391003463e+00
2.549849516884241609e+02 7.264966664561586640e+01 1.093609880641989163e+00
2.549866613137500906e+02 7.258149815504813773e+01 1.110151295075016087e+00
2.549850464170042414e+02 7.246877114477233306e+01 1.127527223189556338e+00
2.549851952762014662e+02 7.252908618496431359e+01 1.131564465054175628e+00
2.549861109858087502e+02 7.246336259393918056e+01 1.128375269525364599e+00
2.549852945156663111e+02 7.266438566260386267e+01 1.125398085580505692e+00
2.549859350613029108e+02 7.265610367817544102e+01 1.178491199263823619e+00
2.549874552294687078e+02 7.266245500392446388e+01 1.209178748319695407e+00
2.549874597403534722e+02 7.288325379139864424e+01 1.162188861723338462e+00
2.549885017547341874e+02 7.297206860153551133e+01 1.196417455319686463e+00
2.549895482799996387e+02 7.291507357253051680e+01 1.192677931849553064e+00
2.549860343007677557e+02 7.277916512544770455e+01 1.212426585350450559e+00
2.549873379464648337e+02 7.301919381467480719e+01 1.190043575146829236e+00
2.549879604485623759e+02 7.290051243650930246e+01 1.195231092626507730e+00
2.549876176213202541e+02 7.290203260467508528e+01 1.216748012955261027e+00
2.549882085472244455e+02 7.299354041301660345e+01 1.168355241197008398e+00
2.549857591367970997e+02 7.308121848019270317e+01 1.153739974558609882e+00
2.549870808260332069e+02 7.309960033560982140e+01 1.168043990148227573e+00
2.549858989742247957e+02 7.268807682938931691e+01 1.188221177701794362e+00
2.549875860451269034e+02 7.206758207554830165e+01 1.206936838591521344e+00
2.549849336448851034e+02 7.173530128199344347e+01 1.196142291349025166e+00
2.549848389163050513e+02 7.186216089423778897e+01 1.220122154759434530e+00
2.549840540223559344e+02 7.167331721443844117e+01 1.214650451539565079e+00
2.549843652734047339e+02 7.164460543290961425e+01 1.221195745333489624e+00
2.549878702308670881e+02 7.163552051099303242e+01 1.236036556210134973e+00
2.549848569598441088e+02 7.159469700387033697e+01 1.191243470494302681e+00
2.549846088611820392e+02 7.154866342484415043e+01 1.160542388784136181e+00
2.549857997347599792e+02 7.150243136688830248e+01 1.147654791010708886e+00
2.549849020686917527e+02 7.137200815567965151e+01 1.122226933590754427e+00
2.549857050061798986e+02 7.134226338153965230e+01 1.114468211795061503e+00
2.549866071831328895e+02 7.138548667935728531e+01 1.088296058388892318e+00
2.549834991835298581e+02 7.138033975984049562e+01 1.072237308625713759e+00
2.549857591367970997e+02 7.136619813610241181e+01 1.074754382324549118e+00
2.549855787014064958e+02 7.158868399447867148e+01 1.085228656748734588e+00
2.549831653780572651e+02 7.156603935295868268e+01 1.092680638380411962e+00
2.549835127161841513e+02 7.167357884575480398e+01 1.079973475997582089e+00
2.549829623882428393e+02 7.172905370659401569e+01 1.084493382532049743e+00
2.549866703355196194e+02 7.175396281226599626e+01 1.082734137473724045e+00
2.549859531048419967e+02 7.192754165802080024e+01 1.087091652156654042e+00
2.549847171224163844e+02 7.157652716003717330e+01 1.121171386555759097e+00
2.549856734299865479e+02 7.161323674025423713e+01 1.108820584069359461e+00
2.549845772849886885e+02 7.161337206679718292e+01 1.120819537544093913e+00
2.549885468635818313e+02 7.192403218967368161e+01 1.102739911406223294e+00
2.549835668468013239e+02 7.184909737195853552e+01 1.076094115099735626e+00
2.549832104869049090e+02 7.155013397327752500e+01 1.090790577663903083e+00
2.549859982136896406e+02 7.125500482664669732e+01 1.121378887254946166e+00
2.549842434795160671e+02 7.115309040715246169e+01 1.097024620409047024e+00
2.549835984229946746e+02 7.099903467066030771e+01 1.075471613002174198e+00
2.549838916305044165e+02 7.085664859305504137e+01 1.015440758550381961e+00
2.549861470728868653e+02 7.068555524480571250e+01 1.020804200535893047e+00
2.549853396245139550e+02 7.069556489809910715e+01 1.038996598792887305e+00
2.549840765767797564e+02 7.061861822577880332e+01 1.057031116083108513e+00
2.549862553341212390e+02 7.331533791037773540e+01 1.094719558294163786e+00
2.549821865160632512e+02 7.316542767698456373e+01 1.070762249307579239e+00
2.549852358741643457e+02 7.314151547684562615e+01 1.062845646545113265e+00
2.549855290816740876e+02 7.317717402091246015e+01 1.068727840278592245e+00
2.549866928899434413e+02 7.306126683687737966e+01 1.067730934745541038e+00
2.549881544166072729e+02 7.303881165251752350e+01 1.085603060184224589e+00
2.549835172270689156e+02 7.276437393430347811e+01 1.098729734850193429e+00
2.549835713576860883e+02 7.236942792959411008e+01 1.112961576283572285e+00
2.549885468635818313e+02 7.195364614815549942e+01 1.130504407134415246e+00
2.549888536037458380e+02 7.134212354411194212e+01 1.149941809586532360e+00
2.549870943586875001e+02 7.097300686556661731e+01 1.125321400539501804e+00
2.549889167561325394e+02 7.114737511615528831e+01 1.130797614644136306e+00
2.549893407793004485e+02 7.114322510217154161e+01 1.138339813971112280e+00
2.549888851799391887e+02 7.120162752722319510e+01 1.155846557743835934e+00
2.549870988695722644e+02 7.122177313858340142e+01 1.180142183087790730e+00
2.549875228927401736e+02 7.141667493662207278e+01 1.194816091228133592e+00
2.549886009941990039e+02 7.150711817615906796e+01 1.212007073067311369e+00
2.549868597926797236e+02 7.140528495259060549e+01 1.195659626679176801e+00
2.549875950668964322e+02 7.141475329971220276e+01 1.169487473273007838e+00
2.549896565412339839e+02 7.152220708569778651e+01 1.146039894264861081e+00
2.549891558330250803e+02 7.136196692619290616e+01 1.165765993341933981e+00
2.549902068691753243e+02 7.103270391454580590e+01 1.168806329673502065e+00
2.549889573540954189e+02 7.045030358254467728e+01 1.184833503243326147e+00
2.549896159432711045e+02 7.013382892920617451e+01 1.240863202908618401e+00
2.549897467589293001e+02 7.001714587299153436e+01 1.249704537047896524e+00
2.549884070261541069e+02 6.987206679718160274e+01 1.237308625713847476e+00
2.549883077866892904e+02 6.995334391887624292e+01 1.263268767536064541e+00
2.549907571971166362e+02 7.272851691130698271e+01 1.312717086329312721e+00
2.549886596357009410e+02 7.279850779931976490e+01 1.306699566052885508e+00
2.549893227357613910e+02 7.320255676948477230e+01 1.354672825527999169e+00
2.549893588228395060e+02 7.323632074195032260e+01 1.370199290888914900e+00
2.549887092554333492e+02 7.318982705267811184e+01 1.350676181626264238e+00
2.549880506662576920e+02 7.325832032694893314e+01 1.336223306839403380e+00
2.549896836065425987e+02 7.337609050639191821e+01 1.295228386095648831e+00
2.549900219228999561e+02 7.316333011556886845e+01 1.263629638317259607e+00
2.549885874615447108e+02 7.315380312694531995e+01 1.262713928709977118e+00
2.549902880651010832e+02 7.330942414045091482e+01 1.296536542677480863e+00
2.549890250173669131e+02 7.356543038351541952e+01 1.281316817480580683e+00
2.549889212670173038e+02 7.371474518011963539e+01 1.271013956677462753e+00
2.549870808260332069e+02 7.374232924045722370e+01 1.302499932336728561e+00
2.549910143175482347e+02 7.384763584529468972e+01 1.343228710879351917e+00
2.549901888256362668e+02 7.385583663379735242e+01 1.358105608834116795e+00
2.549889077343630106e+02 7.382859088981713569e+01 1.413169979159712319e+00
2.549899813249370766e+02 7.379733948016563261e+01 1.452022229640121509e+00
2.549919976904270129e+02 7.380518390877186619e+01 1.451485434353094073e+00
2.549896610521187768e+02 7.373635682902845190e+01 1.460728237236451621e+00
2.549917676353040008e+02 7.375085481266295062e+01 1.465103795458441160e+00
2.549891062132926720e+02 7.380495836453361846e+01 1.486002724574398082e+00
2.549888987125934818e+02 7.384985520059905184e+01 1.467679510659220643e+00
2.549892595833746896e+02 7.405067979033407255e+01 1.480143085264743918e+00
2.549896384976949264e+02 7.405154136932418396e+01 1.476227637288777927e+00
2.549884566458865152e+02 7.414028400530480667e+01 1.475068339904188841e+00
2.549900670317475999e+02 7.438548667935728531e+01 1.429612154127910539e+00
2.549882536560720894e+02 7.440099961206391299e+01 1.423635231814368129e+00
2.549893137139918622e+02 7.435100547621409817e+01 1.405618758063206464e+00
2.549885197982732450e+02 7.433160867172486519e+01 1.436121360843715777e+00
2.549911812202845454e+02 7.433814945463403490e+01 1.508696985826800008e+00
2.549902294235991462e+02 7.446882076450475552e+01 1.538315455193381531e+00
2.549898505092788810e+02 7.447460371877339469e+01 1.563093745207184915e+00
2.549900534990933068e+02 7.443087069097732922e+01 1.566116037999693233e+00
2.549904324134135720e+02 7.422864772696516411e+01 1.577023357361312828e+00
2.549893001813375690e+02 7.431564013965699189e+01 1.543778136643721322e+00
2.549892325180661032e+02 7.374408848551554740e+01 1.543778136643721322e+00
2.549887769187048434e+02 7.302363252528350301e+01 1.553165287839556763e+00
2.549916954611477422e+02 7.269405375170285311e+01 1.546042600795719979e+00
2.549901392059038585e+02 7.251152982145917747e+01 1.547540214537679315e+00
2.549885152873884806e+02 7.240524886551247619e+01 1.520520014795702091e+00
2.549905722508412680e+02 7.239874416968143578e+01 1.506554315563454649e+00
2.549897873568921796e+02 7.270018855498317123e+01 1.476056223667710166e+00
2.549889393105563613e+02 7.267679059570744471e+01 1.494000523262632774e+00
2.549924126918253648e+02 7.295853143635592630e+01 1.533385058145304569e+00
2.549895482799996387e+02 7.300559800799328514e+01 1.523817471558871484e+00
2.549889573540954189e+02 7.301181400719937642e+01 1.500171413621067540e+00
2.549906308923432334e+02 7.279946410688992842e+01 1.505291267829272028e+00
2.549914473624856726e+02 7.289332659707875450e+01 1.476782476114865128e+00
2.549903557283725490e+02 7.288338911794159003e+01 1.480643793473651826e+00
2.549913977427532643e+02 7.309856734299864911e+01 1.506035563815486755e+00
2.549905993161498827e+02 7.324809866207158393e+01 1.537201266656442078e+00
2.549903602392573418e+02 7.336753335799284059e+01 1.570505128875977707e+00
2.549906940447299348e+02 7.336379834540747424e+01 1.611319614229134833e+00
2.549906263814584690e+02 7.337706936838591787e+01 1.600389740443690645e+00
2.549905677399565036e+02 7.336539068772948724e+01 1.580307281470187508e+00
2.549911316005521371e+02 7.337271636458774537e+01 1.616651480021291443e+00
2.549914789386790233e+02 7.351345596925381187e+01 1.616344739857275670e+00
2.549889528432106545e+02 7.345367772434885012e+01 1.593050530931136910e+00
2.549909286107377113e+02 7.338751206661675042e+01 1.579544941944913017e+00
2.549902158909448531e+02 7.360929873785444499e+01 1.535599902564888986e+00
2.549910684481654357e+02 7.336744765118230305e+01 1.505020614743375784e+00
2.549924262244796580e+02 7.344966754779282780e+01 1.499932336728525994e+00
2.549907346426928143e+02 7.335445179217451539e+01 1.474621762312460005e+00
2.549893543119547417e+02 7.295520240339939733e+01 1.443492146549624211e+00
2.549875995777811966e+02 7.252017718755357123e+01 1.370307552123273487e+00
2.549885558853513601e+02 7.230254504118437353e+01 1.388666853116570232e+00
2.549879108288299676e+02 7.219143743853919659e+01 1.398284059435417559e+00
2.549893949099176211e+02 7.228939130120981815e+01 1.372869734669758035e+00
2.549886686574704697e+02 7.214634212354411602e+01 1.429377588120133824e+00
2.549899542596284903e+02 7.225047138745793518e+01 1.409182357027507271e+00
2.549901888256362668e+02 7.219142841676966782e+01 1.401355971960340341e+00
2.549901392059038585e+02 7.199577781186002312e+01 1.407671210631253222e+00
2.549878115893651511e+02 7.198996779228278342e+01 1.395333940799148298e+00
2.549880371336033988e+02 7.187163375224416484e+01 1.391075665581047005e+00
2.549884115370388713e+02 7.188303726892992529e+01 1.412362530786788417e+00
2.549858899524552669e+02 7.186997374665067184e+01 1.401969452288371887e+00
2.549889438214411257e+02 7.188149003545555615e+01 1.432927654430139919e+00
2.549885333309275381e+02 7.193097895221168869e+01 1.446117481482817935e+00
2.549888130057829585e+02 7.188350640094547828e+01 1.456113602121920092e+00
2.549898369766245878e+02 7.184858313109533867e+01 1.431330801223351878e+00
2.549886596357009410e+02 7.208706007596329357e+01 1.411843779038820745e+00
2.549890971915231432e+02 7.197501420928701066e+01 1.429598621473615827e+00
2.549891197459469652e+02 7.242652219806393532e+01 1.405537562137437746e+00
2.549905226311088597e+02 7.240510902808476601e+01 1.411821224614995929e+00
2.549911406223216659e+02 7.242069864583238825e+01 1.426170349052263031e+00
2.549890791479840857e+02 7.229515170105464961e+01 1.425899695966366787e+00
2.549879243614842608e+02 7.227916963633246894e+01 1.407959907256209231e+00
2.549900895861714218e+02 7.246200932850969423e+01 1.406232238391238010e+00
2.549893046922223334e+02 7.263542127152820171e+01 1.386551248161814520e+00
2.549895257255758168e+02 7.261851447542920823e+01 1.406146531580704240e+00
2.549906895338451704e+02 7.241324215331594871e+01 1.419376956596266837e+00
2.549898730637027029e+02 7.245809388053372402e+01 1.436969407179524261e+00
2.549897242045054782e+02 7.248883104932201604e+01 1.434700432142760551e+00
2.549906534467670554e+02 7.241681477404978295e+01 1.475564537228331918e+00
2.549888716472848955e+02 7.250646409786816093e+01 1.473097083261911022e+00
2.549908519256967168e+02 7.254362025567694161e+01 1.475081872558483553e+00
2.549886055050837683e+02 7.252805770323791990e+01 1.469849246231155870e+00
2.549882130581092099e+02 7.260978140252429114e+01 1.486092942269696682e+00
2.549884431132322220e+02 7.258234169049917739e+01 1.473737628898532215e+00
2.549906399141127622e+02 7.267896484216414876e+01 1.474012792869193289e+00
2.549892866486832759e+02 7.247559160253692312e+01 1.495511669658886822e+00
2.549885784397751820e+02 7.249831292909790648e+01 1.505431105256985092e+00
2.549915962216829257e+02 7.182464837653257916e+01 1.504655233077415888e+00
2.549907120882689924e+02 7.135223243687016748e+01 1.483174399826782119e+00
2.549920879081223006e+02 7.074840540223559060e+01 1.508376713008489522e+00
2.549908699692357743e+02 7.058612181193218760e+01 1.485136634699530056e+00
2.549898099113160015e+02 7.047916422327075736e+01 1.470489791867776841e+00
2.549906850229604061e+02 7.027822686141659858e+01 1.478929657262975539e+00
2.549897422480445357e+02 7.029347816280684924e+01 1.431393953610061054e+00
2.549878566982127950e+02 7.026860063332821937e+01 1.369500103750349584e+00
2.549891377894860227e+02 7.007121333778407291e+01 1.242658535045063628e+00
2.549877574587479501e+02 7.015567514412276751e+01 1.210509459325352033e+00
2.549878612090975594e+02 7.004228954467129142e+01 1.209011845583392697e+00
2.549894670840738797e+02 7.353829741165432665e+01 1.272502548649892207e+00
2.549889032234782462e+02 7.328520068926319198e+01 1.311165341970174092e+00
2.549896745847730699e+02 7.347580361412087768e+01 1.343576049006252049e+00
2.549912714379798331e+02 7.346155372914843440e+01 1.380393890457674466e+00
2.549897151827359494e+02 7.345348375630396731e+01 1.370934565105599745e+00
2.549897918677769439e+02 7.341915141235801912e+01 1.387787230587407494e+00
2.549879288723690252e+02 7.348724321788475322e+01 1.397512698140613407e+00
2.549876446866288404e+02 7.361563202006441031e+01 1.381535144303203566e+00
2.549880551771424564e+02 7.354669667908663655e+01 1.307691960701171885e+00
2.549885649071208888e+02 7.365663596257769541e+01 1.231282083667890603e+00
2.549883393628826411e+02 7.365887787230587946e+01 1.269782485136634609e+00
2.549884927329646302e+02 7.365535036041968908e+01 1.278822298205570140e+00
2.549885649071208888e+02 7.362100448381946194e+01 1.252483242063098245e+00
2.549879604485623759e+02 7.372873343377570166e+01 1.223685753723735337e+00
2.549892054527575169e+02 7.376006603935296368e+01 1.260413377479858932e+00
2.549888445819763092e+02 7.403475185622907873e+01 1.295291538482358007e+00
2.549906895338451704e+02 7.420668873992944725e+01 1.301480472379852538e+00
2.549895482799996387e+02 7.416133179361800387e+01 1.334459550896312852e+00
2.549883213193435836e+02 7.412718890683218831e+01 1.354424726865927520e+00
2.549901301841343297e+02 7.416918073310898762e+01 1.369766245951480998e+00
2.549906399141127622e+02 7.426041788836462842e+01 1.395482799996391243e+00
2.549898595310484097e+02 7.438575282155842672e+01 1.376911487419142377e+00
2.549873650117734201e+02 7.419676930433135453e+01 1.406827675180209791e+00
2.549901301841343297e+02 7.419748202412421278e+01 1.448016563968856918e+00
2.549908474148119524e+02 7.440496467977229145e+01 1.416859882897431477e+00
2.549903286630639627e+02 7.440747273170160270e+01 1.433072002742618034e+00
2.549903196412944339e+02 7.397189718791443624e+01 1.435083857347780212e+00
2.549906489358822910e+02 7.336527791561036338e+01 1.426639481067816684e+00
2.549899858358218410e+02 7.308948242108206728e+01 1.455301642864231360e+00
2.549888220275524873e+02 7.297344893227356977e+01 1.443929702371823165e+00
2.549928682911866247e+02 7.303157619335456729e+01 1.466804399014822735e+00
2.549901527385581517e+02 7.295887426359806227e+01 1.464030204884386066e+00
2.549915871999133969e+02 7.301753831996607857e+01 1.473318116615393025e+00
2.549897828460074152e+02 7.304321878693286862e+01 1.504718385464124841e+00
2.549889122452477750e+02 7.301259439026370046e+01 1.532036303600588178e+00
2.549916097543372189e+02 7.295579784018838154e+01 1.549664841261965131e+00
2.549903421957182559e+02 7.308446180633869460e+01 1.565155219544761556e+00
2.549886596357009410e+02 7.309311819420261713e+01 1.537102027191613374e+00
2.549915105148723740e+02 7.288365074925795284e+01 1.558226500545817128e+00
2.549917450808801505e+02 7.294367258194021986e+01 1.545018629954079126e+00
2.549886731683552341e+02 7.294611297059805111e+01 1.522982957877358157e+00
2.549913977427532643e+02 7.292423517948810741e+01 1.516618099474030812e+00
2.549894761058434085e+02 7.296243335167760335e+01 1.505264202520682382e+00
2.549884476241169864e+02 7.286748824914518252e+01 1.501714136210676287e+00
2.549892821377985115e+02 7.289257327932300257e+01 1.467661467120160879e+00
2.549890430609059706e+02 7.280347879433071512e+01 1.381828351812924627e+00
2.549883213193435836e+02 7.278339182447244582e+01 1.348948512761293017e+00
2.549889347996715969e+02 7.276009310466155000e+01 1.338429129489458136e+00
2.549875138709706448e+02 7.276002544139007000e+01 1.361339913210577013e+00
2.549896114323863401e+02 7.270674738143139848e+01 1.380641989119745894e+00
2.549911992638236029e+02 7.301922539086815789e+01 1.365625253737267952e+00
2.549886190377380615e+02 7.314042384273251685e+01 1.362174426892090562e+00
2.549884205588084001e+02 7.315941015670813385e+01 1.358764198009797752e+00
2.549900219228999561e+02 7.306979240908312079e+01 1.292905280441705829e+00
2.549886731683552341e+02 7.308531887444402741e+01 1.309302346562254638e+00
2.549891242568317296e+02 7.305029185424429272e+01 1.324761148651696585e+00
2.549871124022265860e+02 7.317857690607435472e+01 1.303722382108026601e+00
2.549880957751053359e+02 7.318016924839638193e+01 1.318761671914329359e+00
2.549877574587479501e+02 7.315808846747201244e+01 1.361452685329700651e+00
2.549897693133531220e+02 7.321137554920022694e+01 1.406926914645038496e+00
2.549907932841947513e+02 7.316893263444691797e+01 1.415853955594850389e+00
2.549900580099780711e+02 7.323000099239465044e+01 1.418352985754625983e+00
2.549892370289508676e+02 7.321741111301570015e+01 1.416562164502945587e+00
2.549901301841343297e+02 7.330145340707126422e+01 1.393903990328662967e+00
2.549905451855326817e+02 7.335976561442761579e+01 1.379676659780049164e+00
2.549898865963569961e+02 7.290722012215475445e+01 1.377836218795954748e+00
2.549898099113160015e+02 7.225765722688848314e+01 1.428294975776548847e+00
2.549890836588688501e+02 7.191608852160263154e+01 1.407558438512129806e+00
2.549891468112555515e+02 7.165163790225814466e+01 1.416548631848650874e+00
2.549886596357009410e+02 7.150904883483846675e+01 1.334094169230352733e+00
2.549877123499003062e+02 7.171777198379690788e+01 1.325550553485560723e+00
2.549866568028653262e+02 7.167842804687711578e+01 1.340743213373871257e+00
2.549887227880876424e+02 7.172873794466046604e+01 1.357997347599758209e+00
2.549879965356404909e+02 7.164489412953456338e+01 1.370898478027480216e+00
2.549883754499607562e+02 7.156494771884557338e+01 1.424501321689236155e+00
2.549877574587479501e+02 7.176668801818789234e+01 1.458328446541504730e+00
2.549896069215015757e+02 7.143910305567334262e+01 1.443307200274261737e+00
2.549897918677769439e+02 7.137536425394476680e+01 1.401969452288371887e+00
2.549910504046263497e+02 7.127456402298746241e+01 1.396312802793139740e+00
2.549905722508412680e+02 7.165562552439035926e+01 1.369748202412421234e+00
2.549891197459469652e+02 7.173824688974495700e+01 1.396890196043051979e+00
2.549901572494429161e+02 7.175103073716879010e+01 1.382044874281641578e+00
2.549881499057225085e+02 7.190287614012612494e+01 1.399542596284835350e+00
2.549879243614842608e+02 7.187641077921023225e+01 1.394431763846160743e+00
2.549882762104959397e+02 7.203235206553412695e+01 1.406020226807285889e+00
2.549913706774446780e+02 7.211310141371129134e+01 1.416571186272475469e+00
2.549912443726712468e+02 7.213375224416516573e+01 1.402100267946555068e+00
2.549897196936207138e+02 7.213534909737195733e+01 1.459663668431926187e+00
2.549910910025892576e+02 7.213626931786400576e+01 1.458116434957552610e+00
2.549903015977553764e+02 7.224070081105708141e+01 1.440663821802008249e+00
2.549900354555542492e+02 7.227134325126530712e+01 1.456930072264373877e+00
2.549884431132322220e+02 7.243571989209964102e+01 1.457060887922557058e+00
2.549905136093393310e+02 7.237870681955558894e+01 1.440172135362630002e+00
2.549908564365814811e+02 7.234599839412501865e+01 1.428389704356612500e+00
2.549917450808801505e+02 7.274937073157529710e+01 1.409204911451332087e+00
2.549907481753471075e+02 7.274480120530840566e+01 1.407603547359779217e+00
2.549893858881480924e+02 7.291243921582778853e+01 1.376149147893867886e+00
2.549913661665599136e+02 7.282128776738269949e+01 1.400458305892117616e+00
2.549913751883294424e+02 7.277866892812356525e+01 1.417608689768411256e+00
2.549912669270950687e+02 7.289940726974188578e+01 1.411767093997816636e+00
2.549899407269741971e+02 7.295096668260512729e+01 1.389514899452378494e+00
2.549900038793608985e+02 7.258430392537192688e+01 1.405600714524146699e+00
2.549898820854722317e+02 7.217283906065335941e+01 1.404554189258681252e+00
2.549874642512382366e+02 7.178858385283689358e+01 1.397878079806573304e+00
2.549889257779020681e+02 7.175283960195952204e+01 1.361705294876537131e+00
2.549893588228395060e+02 7.156888121036060113e+01 1.327503766588778777e+00
2.549879830029861978e+02 7.153764784424816980e+01 1.277861479750638241e+00
2.549880777315662783e+02 7.136180002345659545e+01 1.251490847414811869e+00
2.549881273512986866e+02 7.143840837941954192e+01 1.250038342520501944e+00
2.549868191947168441e+02 7.144305910161219231e+01 1.225995326723383627e+00
2.549876988172460130e+02 7.116346093122704985e+01 1.222968523046110256e+00
2.549892595833746896e+02 7.389422877403174539e+01 1.244647835226401211e+00
2.549901211623647725e+02 7.381633932679555699e+01 1.269971942296762135e+00
2.549893362684156841e+02 7.394219301173731651e+01 1.273404725602879761e+00
2.549908744801205387e+02 7.391862363884052911e+01 1.267806717609591960e+00
2.549891874092184310e+02 7.416304592982866950e+01 1.263110886569291713e+00
2.549900174120151917e+02 7.430711005656650059e+01 1.276499192551627138e+00
2.549891332786012583e+02 7.436383443248558933e+01 1.279291430221123571e+00
2.549894219752262075e+02 7.433815396551879928e+01 1.304254666510289429e+00
2.549891107241774364e+02 7.441676064343259611e+01 1.307344622574271753e+00
2.549909060563138894e+02 7.442313452360545512e+01 1.337766029429012127e+00
2.549894129534566787e+02 7.441944461986774684e+01 1.321774942937307795e+00
2.549898008895464727e+02 7.448206923305937721e+01 1.317336232328608858e+00
2.549914608951399657e+02 7.457470025170736960e+01 1.330674918578530042e+00
2.549908203495033376e+02 7.458179136255785124e+01 1.302531508530083038e+00
2.549885964833142395e+02 7.458915312649422447e+01 1.301949604395406190e+00
2.549886325703923546e+02 7.452780058280630726e+01 1.323953700278772683e+00
2.549882130581092099e+02 7.454189258681198282e+01 1.317029492164593085e+00
