2.549095033688328726e+02 1.429243642686372606e+00 0.000000000000000000e+00
2.549055477070202187e+02 1.237546185611823502e+00 0.000000000000000000e+00
2.548232884155618478e+02 9.428059117583134086e-01 0.000000000000000000e+00
2.548138122147359184e+02 1.033813301456205203e+00 0.000000000000000000e+00
2.548086720278200517e+02 1.035970441208432957e+00 0.000000000000000000e+00
2.547898608998043812e+02 1.030346663768745952e+00 0.000000000000000000e+00
2.548094653336231374e+02 1.056036731145403085e+00 0.000000000000000000e+00
2.548186752879808807e+02 1.151831123668767720e+00 0.000000000000000000e+00
2.548126439904368681e+02 1.105395566181264888e+00 0.000000000000000000e+00
2.548169148011301957e+02 1.202820039121929918e+00 0.000000000000000000e+00
2.548085742229949915e+02 1.051776787654857603e+00 0.000000000000000000e+00
2.548133720930232471e+02 1.020283633992610239e+00 0.000000000000000000e+00
2.548139154531623660e+02 1.087752662464681608e+00 0.000000000000000000e+00
2.548124755487937421e+02 1.004281677896109448e+00 0.000000000000000000e+00
2.548162029993479791e+02 9.564388176483372694e-01 0.000000000000000000e+00
2.548250815040208579e+02 9.923005868289502818e-01 0.000000000000000000e+00
2.548301727885242371e+02 9.193218865464030110e-01 0.000000000000000000e+00
2.548148228645946460e+02 9.522223429689198326e-01 0.000000000000000000e+00
2.548213757878721992e+02 1.025940013040643306e+00 0.000000000000000000e+00
2.548270810693327633e+02 9.211041078026516171e-01 0.000000000000000000e+00
2.548363507933057974e+02 8.804173005868289881e-01 0.000000000000000000e+00
2.548298304716365976e+02 9.553412301673549489e-01 0.000000000000000000e+00
2.548386437730927980e+02 9.390241251901760844e-01 0.000000000000000000e+00
2.548389806563790501e+02 8.496196479026298931e-01 0.000000000000000000e+00
2.548349543577483018e+02 8.934362095196696218e-01 0.000000000000000000e+00
2.548388285155400865e+02 8.572158226472506026e-01 0.000000000000000000e+00
2.548409584872853770e+02 8.281406216039991497e-01 0.000000000000000000e+00
2.548405346663768682e+02 8.368072158226472768e-01 0.000000000000000000e+00
2.548500760704194761e+02 8.364159965224950977e-01 0.000000000000000000e+00
2.548408661160617328e+02 8.528798087372310155e-01 0.000000000000000000e+00
2.548413388393827290e+02 8.774070854162138167e-01 0.000000000000000000e+00
2.548364866333405701e+02 8.415616170397739459e-01 0.000000000000000000e+00
2.548326613779613012e+02 7.909802216909367356e-01 0.000000000000000000e+00
2.548385840034775072e+02 8.401651814822864717e-01 0.000000000000000000e+00
2.548410182569006679e+02 8.385622690719408689e-01 0.000000000000000000e+00
2.548275755270593379e+02 9.391273636166050931e-01 0.000000000000000000e+00
2.548212290806346516e+02 1.018376439904368658e+00 0.000000000000000000e+00
2.548108346011736671e+02 1.011171484459900016e+00 0.000000000000000000e+00
2.548136166050858549e+02 9.048467724407737167e-01 0.000000000000000000e+00
2.547977287546185607e+02 1.047386437730928099e+00 0.000000000000000000e+00
2.547966202999348013e+02 9.977776570310802340e-01 0.000000000000000000e+00
2.547901977830906333e+02 9.795642251684416602e-01 0.000000000000000000e+00
2.548027168006954923e+02 1.034182786350793304e+00 0.000000000000000000e+00
2.547935829167572308e+02 1.059758748098239556e+00 0.000000000000000000e+00
2.547871440991089003e+02 1.046663768745924816e+00 0.000000000000000000e+00
2.547978917626602993e+02 1.128482938491632170e+00 0.000000000000000000e+00
2.547975440121712722e+02 1.124271897413605670e+00 0.000000000000000000e+00
2.547837426646381118e+02 1.113105846555096701e+00 0.000000000000000000e+00
2.547924853292762464e+02 1.167409258856770160e+00 0.000000000000000000e+00
2.547939795696587737e+02 1.177081069332753804e+00 0.000000000000000000e+00
2.547748532927624296e+02 1.152336448598130891e+00 0.000000000000000000e+00
2.547804390349923835e+02 1.272739621821343148e+00 0.000000000000000000e+00
2.547738535101065054e+02 1.235943273201477899e+00 0.000000000000000000e+00
2.547689089328406737e+02 1.343447076722451561e+00 0.000000000000000000e+00
2.547685720495544501e+02 1.401673549228428683e+00 0.000000000000000000e+00
2.547576233427515717e+02 1.386948489458813327e+00 0.000000000000000000e+00
2.547542653770919401e+02 1.465915018474244658e+00 0.000000000000000000e+00
2.547663442729841279e+02 1.456014996739839251e+00 0.000000000000000000e+00
2.547685394479460967e+02 1.444055640078243830e+00 0.000000000000000000e+00
2.547682351662681981e+02 1.433824168658987208e+00 0.000000000000000000e+00
2.547723266681156247e+02 1.486041078026516082e+00 0.000000000000000000e+00
2.547648717670071790e+02 1.425239078461204123e+00 0.000000000000000000e+00
2.547676320365137883e+02 1.455270593349272001e+00 0.000000000000000000e+00
2.547718104759834716e+02 1.445788958921973455e+00 0.000000000000000000e+00
2.547672625516192113e+02 1.438774179526189911e+00 0.000000000000000000e+00
2.547521517061508405e+02 1.531232340795479319e+00 0.000000000000000000e+00
2.547532764616387624e+02 1.501994131710497671e+00 0.000000000000000000e+00
2.547514399043686240e+02 1.511595305368398146e+00 0.000000000000000000e+00
2.547515485763964307e+02 1.590105411866985508e+00 0.000000000000000000e+00
2.547441643121060508e+02 1.649320799826124784e+00 0.000000000000000000e+00
2.547213812214735924e+02 1.729015431427950444e+00 0.000000000000000000e+00
2.547113507933057974e+02 1.786111714844599074e+00 0.000000000000000000e+00
2.547189578352532067e+02 1.819294718539447908e+00 0.000000000000000000e+00
2.547398989350141392e+02 1.913475331449684846e+00 0.000000000000000000e+00
2.547388393827428956e+02 1.776695283633992650e+00 0.000000000000000000e+00
2.547518202564659759e+02 1.900603129754401266e+00 0.000000000000000000e+00
2.547513529667463672e+02 1.965730276026950607e+00 0.000000000000000000e+00
2.547433710063029650e+02 2.034986959356661629e+00 0.000000000000000000e+00
2.547390458595957341e+02 2.206020430341230298e+00 0.000000000000000000e+00
2.547374266463812091e+02 2.109389263203651499e+00 0.000000000000000000e+00
2.547329439252336556e+02 2.151945229297978823e+00 0.000000000000000000e+00
2.547448761138882958e+02 2.167246250815040298e+00 0.000000000000000000e+00
2.547404803303629706e+02 2.133134101282329720e+00 0.000000000000000000e+00
2.547496576831123605e+02 2.154493588350358646e+00 0.000000000000000000e+00
2.547717561399695683e+02 2.139915235818300232e+00 0.000000000000000000e+00
2.547551456205172826e+02 2.115991088893718786e+00 0.000000000000000000e+00
2.547513964355574956e+02 2.046402955879156771e+00 0.000000000000000000e+00
2.547731362747228729e+02 2.107226689850032475e+00 0.000000000000000000e+00
2.547672082156053079e+02 2.092632036513801363e+00 0.000000000000000000e+00
2.547626657248424351e+02 1.964616387741795256e+00 0.000000000000000000e+00
2.547712290806346402e+02 2.017827646163877553e+00 0.000000000000000000e+00
2.547679363181916870e+02 1.921044338187350542e+00 0.000000000000000000e+00
2.547761193218865401e+02 1.929031732232123542e+00 0.000000000000000000e+00
2.547689687024559930e+02 2.075815040208650153e+00 0.000000000000000000e+00
2.547642251684416408e+02 2.039850032601608465e+00 0.000000000000000000e+00
2.547660943273201610e+02 2.073532927624429423e+00 0.000000000000000000e+00
2.547593023255813875e+02 2.134720712888502625e+00 0.000000000000000000e+00
2.547440176048685032e+02 2.026755053249293503e+00 0.000000000000000000e+00
2.547492773310150085e+02 2.043191697457074518e+00 0.000000000000000000e+00
2.547584818517713643e+02 2.076130189089328226e+00 0.000000000000000000e+00
2.547602640730275994e+02 2.027466855031514914e+00 0.000000000000000000e+00
2.547427841773527462e+02 2.033992610302108428e+00 0.000000000000000000e+00
2.547649750054335982e+02 2.088296022603781665e+00 0.000000000000000000e+00
2.547715985655292457e+02 1.968963268854596826e+00 0.000000000000000000e+00
2.547637252771136787e+02 2.014442512497283122e+00 0.000000000000000000e+00
2.547479460986741913e+02 2.109389263203651499e+00 0.000000000000000000e+00
2.547425070636818134e+02 2.135454249076287780e+00 0.000000000000000000e+00
2.547306074766355266e+02 2.104939143664420698e+00 0.000000000000000000e+00
2.547342805911758319e+02 2.157123451423603733e+00 0.000000000000000000e+00
2.547388122147359297e+02 2.119990219517496222e+00 0.000000000000000000e+00
2.547384264290371618e+02 2.138855683547054909e+00 0.000000000000000000e+00
2.547445283633992688e+02 2.245001086720278316e+00 0.000000000000000000e+00
2.547615898717670007e+02 2.195984568572049600e+00 0.000000000000000000e+00
2.547549065420560623e+02 2.132183221038904453e+00 0.000000000000000000e+00
2.547610628124320726e+02 2.163649206694196803e+00 0.000000000000000000e+00
2.547646544229515371e+02 2.072261464898935035e+00 0.000000000000000000e+00
2.547531732232123431e+02 2.060383612258204877e+00 2.173440556400782497e-05
2.547619050206476743e+02 2.180890023907846142e+00 0.000000000000000000e+00
2.547618724190393493e+02 2.016523581830036882e+00 0.000000000000000000e+00
2.547687948272114795e+02 1.980873723103673045e+00 0.000000000000000000e+00
2.547780156487719978e+02 2.004618561182351488e+00 0.000000000000000000e+00
2.547789230602043062e+02 1.884867420126059567e+00 0.000000000000000000e+00
2.547600575961747325e+02 1.907590741143229796e+00 0.000000000000000000e+00
2.547749347967832989e+02 1.911611606172571198e+00 0.000000000000000000e+00
2.547670778091719228e+02 1.990290154314279469e+00 0.000000000000000000e+00
2.547650673766572424e+02 1.964415344490328286e+00 0.000000000000000000e+00
2.547623560095631490e+02 2.016067159313192914e+00 0.000000000000000000e+00
2.547667952618995741e+02 1.984742447294066459e+00 0.000000000000000000e+00
2.547673331884373056e+02 2.010356444251249819e+00 1.630080417300586873e-05
2.547667517930884458e+02 2.006313844816344449e+00 0.000000000000000000e+00
2.547603401434470811e+02 1.903499239295805223e+00 0.000000000000000000e+00
2.547611388828515544e+02 1.931335579221908239e+00 0.000000000000000000e+00
2.547695935666159528e+02 1.969066507281025835e+00 0.000000000000000000e+00
2.547681590958487163e+02 1.952776570310801985e+00 0.000000000000000000e+00
2.547681319278417789e+02 1.924315366224733648e+00 0.000000000000000000e+00
2.547598945881330224e+02 2.001271462725494388e+00 6.520321669202347491e-05
2.547659802216909384e+02 1.990029341447511424e+00 1.141056292110410777e-04
2.547840686807215889e+02 1.815029341447511380e+00 0.000000000000000000e+00
2.547828135188002534e+02 1.870126059552271292e+00 0.000000000000000000e+00
2.547768963268854634e+02 1.797755922625516201e+00 0.000000000000000000e+00
2.547760323842642833e+02 1.730058682895022848e+00 0.000000000000000000e+00
2.547761301890893151e+02 1.896739839165398900e+00 0.000000000000000000e+00
2.547680721582264596e+02 1.828173223212345100e+00 0.000000000000000000e+00
2.547728700282547152e+02 2.021984351227994026e+00 1.086720278200391249e-05
2.547674309932623373e+02 2.000412953705716035e+00 1.086720278200391249e-05
2.547578841556183420e+02 1.948804607693979563e+00 0.000000000000000000e+00
2.547497609215388081e+02 1.966963703542708108e+00 0.000000000000000000e+00
2.547583242773310133e+02 2.040415127146272489e+00 0.000000000000000000e+00
2.547506520321669257e+02 1.986703977396218290e+00 1.086720278200391249e-05
2.547550695500978009e+02 1.939236035644425149e+00 0.000000000000000000e+00
2.547654803303629762e+02 1.985633557922190873e+00 0.000000000000000000e+00
2.547561454031732353e+02 1.897913497065855326e+00 0.000000000000000000e+00
2.547604705498804663e+02 2.068017822212562695e+00 0.000000000000000000e+00
2.547695718322104028e+02 1.993126494240382574e+00 0.000000000000000000e+00
2.547571560530319630e+02 2.103798087372310555e+00 0.000000000000000000e+00
2.547668658987176684e+02 2.064198000434688041e+00 2.173440556400782497e-05
2.547552923277548302e+02 2.178597044120843318e+00 4.346881112801564994e-05
2.547679689198000403e+02 1.989089328406868029e+00 0.000000000000000000e+00
2.547675668332971100e+02 2.060731362747228790e+00 1.086720278200391249e-05
2.547689958704629305e+02 2.084410997609215332e+00 0.000000000000000000e+00
2.547705824820691021e+02 2.067892849380569498e+00 0.000000000000000000e+00
2.547716746359486990e+02 1.895376005216257376e+00 0.000000000000000000e+00
2.547724190393392689e+02 1.867132145185829151e+00 1.521408389480547612e-04
2.547754075201043236e+02 1.965790045642251682e+00 0.000000000000000000e+00
2.547670723755705353e+02 1.931112801564877302e+00 0.000000000000000000e+00
2.547803249293631893e+02 1.957324494675070747e+00 0.000000000000000000e+00
2.547845522712453885e+02 1.933481851771354121e+00 0.000000000000000000e+00
2.547901814822864708e+02 1.909666376874592508e+00 0.000000000000000000e+00
2.547865409693544905e+02 2.057085416213866758e+00 2.716800695500978121e-05
2.547943490545533507e+02 2.006493153662247231e+00 0.000000000000000000e+00
2.547859215387959182e+02 2.043512279939143639e+00 0.000000000000000000e+00
2.548080851988698043e+02 2.156900673766572574e+00 0.000000000000000000e+00
2.548101554009997756e+02 2.066463812214736073e+00 5.433601391001956243e-06
2.547983318843729705e+02 2.025755270593349255e+00 5.433601391001956243e-06
2.548055857422299368e+02 2.090784612040860857e+00 0.000000000000000000e+00
2.548038198217778643e+02 2.027374483807868000e+00 0.000000000000000000e+00
2.548042327754835981e+02 1.935921538795913888e+00 0.000000000000000000e+00
2.548174418604651237e+02 1.943577483155835672e+00 0.000000000000000000e+00
2.548188654640295567e+02 1.839795696587698259e+00 0.000000000000000000e+00
2.548181047598348243e+02 1.816751793088459133e+00 0.000000000000000000e+00
2.548168767659204548e+02 1.852798304716366085e+00 0.000000000000000000e+00
2.547967452727667990e+02 1.843327537491849633e+00 0.000000000000000000e+00
2.547779993479678353e+02 1.887931971310584656e+00 0.000000000000000000e+00
2.547772223429689120e+02 1.891295370571614898e+00 0.000000000000000000e+00
2.547675559660943350e+02 1.834633775266246491e+00 0.000000000000000000e+00
2.547569876113888370e+02 1.829015431427950533e+00 0.000000000000000000e+00
2.547513529667463672e+02 1.950141273636166073e+00 0.000000000000000000e+00
2.547552760269506678e+02 1.834840252119104509e+00 9.780482503803520559e-05
2.547442349489241451e+02 1.825505324929363127e+00 1.630080417300586873e-05
2.547480765051075764e+02 1.913567702673331983e+00 3.803520973701369031e-05
2.547553194957617961e+02 1.900999782655944381e+00 1.086720278200391249e-05
2.547527059334927060e+02 1.910019560965007690e+00 0.000000000000000000e+00
2.547535155400999827e+02 1.888719843512279839e+00 0.000000000000000000e+00
2.547328732884155613e+02 2.013046076939795537e+00 0.000000000000000000e+00
2.547537002825472712e+02 2.040339056726798717e+00 0.000000000000000000e+00
2.547528526407302820e+02 2.084204520756357315e+00 1.086720278200391249e-04
2.547604868506846287e+02 1.977032166920234646e+00 1.086720278200391249e-05
2.547545044555531319e+02 1.973071071506194318e+00 0.000000000000000000e+00
2.547524125190176107e+02 2.011464898935014123e+00 0.000000000000000000e+00
2.547583786133449166e+02 1.959313192784177371e+00 0.000000000000000000e+00
2.547492121277983017e+02 1.958210171701803892e+00 5.433601391001956243e-06
2.547539284938056880e+02 2.046805042382090711e+00 0.000000000000000000e+00
2.547420669419691421e+02 1.934606607259291566e+00 3.260160834601173746e-05
2.547527874375135752e+02 1.974831558356878958e+00 0.000000000000000000e+00
2.547591393175396774e+02 2.120164094762008400e+00 0.000000000000000000e+00
2.547537709193653654e+02 2.078966529015431330e+00 0.000000000000000000e+00
2.547528309063247036e+02 2.155976961530102098e+00 0.000000000000000000e+00
2.547561834383829478e+02 2.258079765268419692e+00 0.000000000000000000e+00
2.547622473375353138e+02 2.212095196696370447e+00 1.086720278200391249e-05
2.547499293631819057e+02 2.258253640512931870e+00 0.000000000000000000e+00
2.547421593131927864e+02 2.292469028472071457e+00 0.000000000000000000e+00
2.547384753314496777e+02 2.248293849163225389e+00 1.304064333840469498e-04
2.547396163877417905e+02 2.246125842208215762e+00 6.520321669202347491e-05
2.547514127363616581e+02 2.328928493805694444e+00 6.520321669202347491e-05
2.547460389045859586e+02 2.174793523147141805e+00 6.520321669202347491e-05
2.547430993262334198e+02 2.350130406433383889e+00 1.195392306020430306e-04
2.547427026733318769e+02 2.383813301456205291e+00 8.693762225603129988e-05
2.547309715279287161e+02 2.489877200608563435e+00 7.063681808302542777e-05
2.547155564007824466e+02 2.398543794827211695e+00 0.000000000000000000e+00
2.547119213214518538e+02 2.470897630949793644e+00 8.693762225603129988e-05
2.547125624864160045e+02 2.486763747011519143e+00 8.693762225603129988e-05
2.546958487285372712e+02 2.447929797870028068e+00 9.237122364703325274e-05
2.546989024125190042e+02 2.500673766572484080e+00 5.161921321451858058e-04
2.546932840686807253e+02 2.469267550532492805e+00 2.553792653770919603e-04
2.546892523364485896e+02 2.508699195826994188e+00 3.803520973701369031e-05
2.546947674418604777e+02 2.499119756574657902e+00 1.684416431210606334e-04
2.546892469028472021e+02 2.502841773527494151e+00 2.716800695500977783e-04
2.546956639860899827e+02 2.457726581178004910e+00 7.607041947402738062e-05
2.547079819604433908e+02 2.595011953923060055e+00 9.671810475983482315e-04
2.547073190610736901e+02 2.440301021517061297e+00 0.000000000000000000e+00
2.546982449467507195e+02 2.454259943490545659e+00 3.477504890241251995e-04
2.546974733753531837e+02 2.434481634427298591e+00 2.064768528580743440e-04
2.546987937404911975e+02 2.326309497935231452e+00 3.314496848511193274e-04
2.546939252336448476e+02 2.403624212127798199e+00 5.161921321451858058e-04
2.546785209737013815e+02 2.449293631819169814e+00 6.302977613562269106e-04
2.546708650293414564e+02 2.473141708324277488e+00 6.357313627472289041e-04
2.546610139100195624e+02 2.468110193436209521e+00 2.716800695500978121e-05
2.546765485763964421e+02 2.512144099108889250e+00 3.423168876331232602e-04
2.546750978048250431e+02 2.638236252988480857e+00 5.868289502282112878e-04
2.546735003260160966e+02 2.595653118887198296e+00 3.314496848511193274e-04
2.546783036296457396e+02 2.705276026950663049e+00 7.281025863942621433e-04
2.546711856118235175e+02 2.706813736144316529e+00 2.173440556400782497e-04
2.546645892197348360e+02 2.638937187567920173e+00 9.019778309063247431e-04
2.546638665507498445e+02 2.742876548576396623e+00 4.455553140621603780e-04
2.546480982395131605e+02 2.778260160834601145e+00 3.966529015431428159e-04
2.546419745707455036e+02 2.804401217126711643e+00 1.086720278200391249e-04
2.546671864811997352e+02 2.878591610519452448e+00 4.890241251901760280e-05
2.546758856770267414e+02 2.909780482503803611e+00 1.847424472940665055e-04
2.546529558791567069e+02 3.095837861334492569e+00 5.053249293631819272e-04
2.546452129971745251e+02 3.265583568789393709e+00 2.390784612040860611e-04
2.546421864811997295e+02 3.157650510758530871e+00 0.000000000000000000e+00
2.546342099543577433e+02 3.223310149967398175e+00 1.282329928276461578e-03
2.546708052597261371e+02 3.282454901108454504e+00 1.472505976961530159e-03
2.546786187785264133e+02 3.266452945011953712e+00 7.281025863942621433e-04
2.546700771571397581e+02 3.333373179743534198e+00 8.150402086502933890e-04
2.546612638556835577e+02 3.325657465768311116e+00 7.226689850032601498e-04
2.546588350358617561e+02 3.293620951966963695e+00 9.291458378613344938e-04
2.546442621169310883e+02 3.438187350575961698e+00 1.048685068463377484e-03
2.546547326668115545e+02 3.606188871984351341e+00 1.043251467072375599e-03
2.546529287111497410e+02 3.589540317322321261e+00 1.640947620082590765e-03
2.546442349489241508e+02 3.498581830036948670e+00 7.770049989132797597e-04
2.546820799826124642e+02 3.593599217561399772e+00 7.770049989132797597e-04
2.546710008693762290e+02 3.540311888719843481e+00 5.107585307541839207e-04
2.546822375570528152e+02 3.507014779395783322e+00 7.770049989132797597e-04
2.546954575092371158e+02 3.545441208432949409e+00 2.010432514670723776e-04
2.546920886763747092e+02 3.600146707237557031e+00 2.119104542490762833e-04
2.546948217778743810e+02 3.745511845251032312e+00 8.693762225603129988e-05
2.546931156270375993e+02 3.825630297761356324e+00 7.607041947402738062e-05
2.546868995870462982e+02 3.823826342099543751e+00 0.000000000000000000e+00
2.546715116279069662e+02 3.844196913714410080e+00 0.000000000000000000e+00
2.546693164529450257e+02 3.807025646598565682e+00 1.521408389480547612e-04
2.546717344055639956e+02 3.798733970875896482e+00 1.521408389480547612e-04
2.546774179526190096e+02 3.874815257552705727e+00 8.585090197783090118e-04
2.546837046294283766e+02 3.890002173440556543e+00 0.000000000000000000e+00
2.546676320365137940e+02 3.967996087806998418e+00 1.630080417300586873e-05
2.546740654205607370e+02 3.995446642034340190e+00 1.521408389480547612e-04
2.546596935448815486e+02 4.164828298196044720e+00 4.835905237991741158e-04
2.546488589437078929e+02 4.251467072375570311e+00 3.531840904151271388e-04
2.546651597478808924e+02 4.320446642034339924e+00 9.671810475983482315e-04
2.546729678330797526e+02 4.317941751793088478e+00 1.309497935231471438e-03
2.546879374049119633e+02 4.298011301890893421e+00 1.347533144968485067e-03
2.546970223864377374e+02 4.385090197783090282e+00 2.010432514670723776e-04
2.547068843729624064e+02 4.390061943055857618e+00 2.390784612040860611e-04
2.547091447511410536e+02 4.413948054770702178e+00 2.064768528580743440e-04
2.547077265811780080e+02 4.322190828080851865e+00 6.248641599652249171e-04
2.547176755053249337e+02 4.325027168006955414e+00 8.150402086502933890e-04
2.547126331232340704e+02 4.305074983699196167e+00 3.477504890241251995e-04
2.547129482721147440e+02 4.213730710715061889e+00 3.586176918061290781e-04
2.547264725059769717e+02 4.138149315366224990e+00 1.477939578352532044e-03
2.547349326233427576e+02 3.912214735926972331e+00 1.358400347750489054e-03
2.547392251684416351e+02 3.928950228211258278e+00 5.813953488372092943e-04
2.547435122799391536e+02 3.893936100847641857e+00 6.357313627472289041e-04
2.547445718322103971e+02 3.772886329058900312e+00 5.324929363181916779e-04
2.547408878504672884e+02 3.893354705498804691e+00 5.813953488372092943e-04
2.547448815474896833e+02 3.878260160834601233e+00 5.976961530102151664e-04
2.547340089111062866e+02 4.028520973701369634e+00 5.433601391001956243e-06
2.547475874809823893e+02 4.023576396435557534e+00 3.260160834601173746e-05
2.547449467507063616e+02 3.994452292979786989e+00 6.520321669202347491e-05
2.547569495761790961e+02 3.903825255379265169e+00 2.825472723321017111e-04
2.547559660943273343e+02 3.909682677678765650e+00 1.086720278200391249e-05
2.547668332971093150e+02 3.790007607041947502e+00 1.141056292110410777e-04
2.547543468811128093e+02 3.669729406650727999e+00 8.693762225603129988e-05
2.547653010215170752e+02 3.712078895892197306e+00 4.346881112801564994e-05
2.547723918713323314e+02 3.795212997174527203e+00 1.793088459030645391e-04
2.547681264942403914e+02 3.736856118235166058e+00 1.412736361660508555e-04
2.547727070202130051e+02 3.776380134753314355e+00 0.000000000000000000e+00
2.547731906107368047e+02 3.739056726798521968e+00 1.086720278200391249e-05
2.547798033036296488e+02 3.492594001304064388e+00 5.433601391001956243e-06
2.547664583786133505e+02 3.516588785046729004e+00 0.000000000000000000e+00
2.547749782655944273e+02 3.771576831123668594e+00 2.716800695500978121e-05
2.547601717018039551e+02 3.873755705281460404e+00 0.000000000000000000e+00
2.547405672679852273e+02 4.051124755487937712e+00 2.173440556400782497e-05
2.547534720712888543e+02 4.031145403173223229e+00 0.000000000000000000e+00
2.547436100847641853e+02 4.011242121277983408e+00 1.032384264290371720e-04
2.547532221256248590e+02 3.975440121712671360e+00 1.630080417300586873e-05
2.547536622473375303e+02 3.943213431862638618e+00 8.150402086502934703e-05
2.547564551184525214e+02 3.919593566615953151e+00 3.260160834601173746e-05
2.547541838730710708e+02 3.898793740491197646e+00 3.803520973701369031e-05
2.547589382742881980e+02 3.837285372745055323e+00 9.780482503803520559e-05
2.547491360573788199e+02 3.804748967615735555e+00 9.780482503803520559e-05
2.547522984133883881e+02 3.825657465768311116e+00 2.282112584220821554e-04
2.547691969137144099e+02 3.820327102803738217e+00 9.780482503803520559e-05
2.547765485763964364e+02 3.777292979787002736e+00 1.793088459030645391e-04
2.547875733536187681e+02 3.702075635731362890e+00 1.086720278200391249e-04
2.547899478374266380e+02 3.628059117583134263e+00 8.693762225603129988e-05
2.547755270593349337e+02 3.634900021734405406e+00 9.780482503803520559e-05
2.547721364920669487e+02 3.732291893066724597e+00 5.433601391001956243e-05
2.547854596826776685e+02 3.759818517713540587e+00 2.716800695500977783e-04
2.547829873940447669e+02 3.666219300152140814e+00 3.260160834601173746e-05
2.547915507498370005e+02 3.642186481199739312e+00 0.000000000000000000e+00
2.547839437078895912e+02 3.682748315583568743e+00 0.000000000000000000e+00
2.547849543577483189e+02 3.672674418604651159e+00 1.738752445120625998e-04
2.547810747663551467e+02 3.630759617474462075e+00 1.249728319930449834e-04
2.548039393610084744e+02 3.674853292762442880e+00 3.260160834601173746e-05
2.548001195392305931e+02 3.481063899152358143e+00 3.260160834601173746e-05
2.547969843512279908e+02 3.209269723973049437e+00 0.000000000000000000e+00
2.548081014996739952e+02 3.185046728971962615e+00 0.000000000000000000e+00
2.548078732884155500e+02 3.152032166920234690e+00 0.000000000000000000e+00
2.548070799826124642e+02 3.118207998261247393e+00 0.000000000000000000e+00
2.548073136274722970e+02 3.175668332971093299e+00 5.433601391001956243e-05
2.548111497500543408e+02 3.024054553357965691e+00 4.346881112801564994e-05
2.548145185829167474e+02 2.974858726363833750e+00 0.000000000000000000e+00
2.548190719408824236e+02 3.038871984351227962e+00 0.000000000000000000e+00
2.548276678982829822e+02 2.881900673766572663e+00 0.000000000000000000e+00
2.548255324929363042e+02 2.715860682460334630e+00 0.000000000000000000e+00
2.548287328841556132e+02 2.696636600738969936e+00 0.000000000000000000e+00
2.548241088893718711e+02 2.460910671593131926e+00 0.000000000000000000e+00
2.548450228211258377e+02 2.223478591610519306e+00 0.000000000000000000e+00
2.548614594653336098e+02 1.862013692675505316e+00 0.000000000000000000e+00
2.548840197783090673e+02 1.369740273853510049e+00 0.000000000000000000e+00
2.549205498804607828e+02 9.811291023690501545e-01 0.000000000000000000e+00
2.549139752227776512e+02 7.423549228428601987e-01 0.000000000000000000e+00
2.549186100847641683e+02 4.884155618343838379e-01 0.000000000000000000e+00
2.549170941099760910e+02 2.672734188219952345e-01 0.000000000000000000e+00
2.549310693327537365e+02 1.564333840469463166e-01 0.000000000000000000e+00
2.549267224516409556e+02 7.112040860682460053e-02 0.000000000000000000e+00
2.549318735057596257e+02 5.418930667246250887e-02 0.000000000000000000e+00
2.549243860030428266e+02 3.243316670289067560e-02 0.000000000000000000e+00
2.549278309063247150e+02 1.070962834166485494e-02 0.000000000000000000e+00
2.549333514453379621e+02 6.248641599652249821e-03 0.000000000000000000e+00
2.549385351010649856e+02 4.287111497500543066e-03 0.000000000000000000e+00
2.549413551401869142e+02 4.129537057161486880e-04 0.000000000000000000e+00
2.549467289719626137e+02 1.630080417300586873e-05 0.000000000000000000e+00
2.549492284286024812e+02 1.793088459030645391e-04 0.000000000000000000e+00
2.549517659204520896e+02 3.803520973701369031e-05 0.000000000000000000e+00
2.549559823951314854e+02 0.000000000000000000e+00 0.000000000000000000e+00
2.549644425124972713e+02 0.000000000000000000e+00 0.000000000000000000e+00
2.549723266681156133e+02 0.000000000000000000e+00 0.000000000000000000e+00
2.549772929797869949e+02 0.000000000000000000e+00 0.000000000000000000e+00
2.549815963920886759e+02 0.000000000000000000e+00 0.000000000000000000e+00
2.549827917843946921e+02 0.000000000000000000e+00 0.000000000000000000e+00
2.549861388828515487e+02 0.000000000000000000e+00 0.000000000000000000e+00
2.549908824168659010e+02 0.000000000000000000e+00 0.000000000000000000e+00
2.549918876331232411e+02 0.000000000000000000e+00 0.000000000000000000e+00
2.549946805042382039e+02 0.000000000000000000e+00 0.000000000000000000e+00
2.549952890675940012e+02 0.000000000000000000e+00 0.000000000000000000e+00
2.549955553140621589e+02 0.000000000000000000e+00 0.000000000000000000e+00
2.549949684851119400e+02 0.000000000000000000e+00 0.000000000000000000e+00
2.549952347315800978e+02 0.000000000000000000e+00 0.000000000000000000e+00
2.549952945011953886e+02 0.000000000000000000e+00 0.000000000000000000e+00
2.549959737013692802e+02 0.000000000000000000e+00 0.000000000000000000e+00
2.549960280373831836e+02 0.000000000000000000e+00 0.000000000000000000e+00
2.549972668985003281e+02 0.000000000000000000e+00 0.000000000000000000e+00
2.549978482938491595e+02 0.000000000000000000e+00 0.000000000000000000e+00
2.549974788089545825e+02 0.000000000000000000e+00 0.000000000000000000e+00
2.549968430775918193e+02 0.000000000000000000e+00 0.000000000000000000e+00
2.549954846772440646e+02 0.000000000000000000e+00 0.000000000000000000e+00
2.549954738100412897e+02 0.000000000000000000e+00 0.000000000000000000e+00
2.549937622256031204e+02 0.000000000000000000e+00 0.000000000000000000e+00
2.549934688111280252e+02 0.000000000000000000e+00 0.000000000000000000e+00
2.549933818735057685e+02 0.000000000000000000e+00 0.000000000000000000e+00
2.549926809389263269e+02 0.000000000000000000e+00 0.000000000000000000e+00
2.549869865246685379e+02 0.000000000000000000e+00 0.000000000000000000e+00
2.549833786133449109e+02 0.000000000000000000e+00 0.000000000000000000e+00
2.549793523147141912e+02 0.000000000000000000e+00 0.000000000000000000e+00
2.549793305803086412e+02 0.000000000000000000e+00 0.000000000000000000e+00
2.549777765703107946e+02 0.000000000000000000e+00 0.000000000000000000e+00
2.549780265159747898e+02 0.000000000000000000e+00 0.000000000000000000e+00
2.549774179526189926e+02 0.000000000000000000e+00 0.000000000000000000e+00
2.549767224516409385e+02 0.000000000000000000e+00 0.000000000000000000e+00
2.549758802434253369e+02 0.000000000000000000e+00 0.000000000000000000e+00
2.549758204738100460e+02 0.000000000000000000e+00 0.000000000000000000e+00
2.549733481851771444e+02 0.000000000000000000e+00 0.000000000000000000e+00
2.549708921973484053e+02 0.000000000000000000e+00 0.000000000000000000e+00
2.549713649206694299e+02 0.000000000000000000e+00 0.000000000000000000e+00
2.549703325364051238e+02 0.000000000000000000e+00 0.000000000000000000e+00
2.549674364268637135e+02 0.000000000000000000e+00 0.000000000000000000e+00
2.549666431210606277e+02 0.000000000000000000e+00 0.000000000000000000e+00
2.549646272549445882e+02 0.000000000000000000e+00 0.000000000000000000e+00
2.549605574875027116e+02 0.000000000000000000e+00 0.000000000000000000e+00
2.549609867420126079e+02 0.000000000000000000e+00 0.000000000000000000e+00
2.549626874592480021e+02 0.000000000000000000e+00 0.000000000000000000e+00
2.549591012823299252e+02 0.000000000000000000e+00 0.000000000000000000e+00
2.549615029341447610e+02 3.260160834601173746e-05 0.000000000000000000e+00
2.549586828950228323e+02 0.000000000000000000e+00 0.000000000000000000e+00
2.549602749402303914e+02 0.000000000000000000e+00 0.000000000000000000e+00
2.549599815257552677e+02 0.000000000000000000e+00 0.000000000000000000e+00
2.549565203216691884e+02 0.000000000000000000e+00 0.000000000000000000e+00
2.549589002390784742e+02 0.000000000000000000e+00 0.000000000000000000e+00
2.549606552923277434e+02 2.445120625950880275e-04 0.000000000000000000e+00
2.549544664203434081e+02 5.433601391001956243e-05 0.000000000000000000e+00
2.549547598348185318e+02 1.086720278200391249e-05 0.000000000000000000e+00
2.549524233862203744e+02 2.716800695500978121e-05 0.000000000000000000e+00
2.549550695500978179e+02 1.956096500760704112e-04 0.000000000000000000e+00
2.549560638991523547e+02 0.000000000000000000e+00 0.000000000000000000e+00
2.549520267333188315e+02 3.803520973701369031e-05 0.000000000000000000e+00
2.549506031297543984e+02 8.150402086502934703e-05 0.000000000000000000e+00
2.549530047815692342e+02 2.173440556400782497e-05 0.000000000000000000e+00
2.549528852423386240e+02 0.000000000000000000e+00 0.000000000000000000e+00
2.549492066941969028e+02 8.693762225603129988e-04 0.000000000000000000e+00
2.549503531840904031e+02 8.367746142143012546e-04 0.000000000000000000e+00
2.549425777004998963e+02 3.700282547272332103e-03 0.000000000000000000e+00
2.549400184742447379e+02 2.950445555314061986e-03 0.000000000000000000e+00
2.549364866333405644e+02 1.554009997826559519e-03 0.000000000000000000e+00
2.549341121495327229e+02 1.255705281460552103e-02 0.000000000000000000e+00
2.549203162356009500e+02 1.396978917626602937e-02 0.000000000000000000e+00
2.549217289719626081e+02 2.389697891762660245e-02 0.000000000000000000e+00
2.549208324277331030e+02 1.306237774396870263e-02 0.000000000000000000e+00
2.549195935666159585e+02 1.797978700282547304e-02 0.000000000000000000e+00
2.549207346229080713e+02 2.058791567050641258e-02 0.000000000000000000e+00
2.549277874375135866e+02 3.129754401217126752e-02 0.000000000000000000e+00
2.549301890893283939e+02 3.340578135188002756e-02 0.000000000000000000e+00
2.549116170397739722e+02 2.706476852858074461e-02 0.000000000000000000e+00
2.549149152358183130e+02 3.650836774614214103e-02 0.000000000000000000e+00
2.549207889589219747e+02 3.030862855900891273e-02 0.000000000000000000e+00
2.549168495979134832e+02 3.614975005433601618e-02 0.000000000000000000e+00
2.549155455335796603e+02 4.969571832210389201e-02 0.000000000000000000e+00
2.549138774179526195e+02 2.820582482069115479e-02 0.000000000000000000e+00
2.549112801564877202e+02 3.654096935448815364e-02 0.000000000000000000e+00
2.549136981091067184e+02 4.249619647902629777e-02 0.000000000000000000e+00
2.549128341664855384e+02 4.006194305585742549e-02 0.000000000000000000e+00
2.549041675722668856e+02 3.220495544446859426e-02 0.000000000000000000e+00
2.549023581830036846e+02 5.198326450771571100e-02 0.000000000000000000e+00
2.549025048902412607e+02 4.751684416431210811e-02 0.000000000000000000e+00
2.549040752010432413e+02 5.477613562269072200e-02 0.000000000000000000e+00
2.549072266898500345e+02 5.321669202347315691e-02 0.000000000000000000e+00
2.549075690067376740e+02 4.790262986307324694e-02 0.000000000000000000e+00
2.549103184090415084e+02 4.021951749619647604e-02 0.000000000000000000e+00
2.549151271462725390e+02 5.506955009780482163e-02 0.000000000000000000e+00
2.549162247337535234e+02 6.374701151923495290e-02 0.000000000000000000e+00
2.549221093240599885e+02 4.740273853510106744e-02 0.000000000000000000e+00
2.549136274722886242e+02 6.626276896326885324e-02 0.000000000000000000e+00
2.549139534883721012e+02 7.156053031949576038e-02 0.000000000000000000e+00
2.549130895457509212e+02 4.728319930449902120e-02 0.000000000000000000e+00
2.549186589871767126e+02 5.208106933275374884e-02 0.000000000000000000e+00
2.549148989350141221e+02 5.039121930015214024e-02 0.000000000000000000e+00
2.549090469463160105e+02 4.208867637470115053e-02 0.000000000000000000e+00
2.549145566181264826e+02 5.405890023907845843e-02 0.000000000000000000e+00
2.549201640947620149e+02 4.689741360573788237e-02 0.000000000000000000e+00
2.549229243642686242e+02 4.709302325581395110e-02 0.000000000000000000e+00
2.549190828080851929e+02 4.973918713323190882e-02 0.000000000000000000e+00
2.549070962834166494e+02 7.213649206694196236e-02 0.000000000000000000e+00
2.549168930667246116e+02 5.540643338404694501e-02 0.000000000000000000e+00
2.549113670941099770e+02 9.076831123668767376e-02 0.000000000000000000e+00
2.549020212997174610e+02 8.766029124103455472e-02 0.000000000000000000e+00
2.549070419474027460e+02 8.657900456422516766e-02 0.000000000000000000e+00
2.548967452727667933e+02 8.781786568137361915e-02 0.000000000000000000e+00
2.549021843077591711e+02 7.409258856770267743e-02 0.000000000000000000e+00
2.549032275592262522e+02 6.395348837209302584e-02 0.000000000000000000e+00
2.549008911106281232e+02 1.096718104759834833e-01 0.000000000000000000e+00
2.549010052162573459e+02 1.279667463594870713e-01 0.000000000000000000e+00
2.548911758313410019e+02 1.070528146055205326e-01 0.000000000000000000e+00
2.548866061725711916e+02 1.383340578135187904e-01 0.000000000000000000e+00
2.548902249510975935e+02 1.278417735274940126e-01 0.000000000000000000e+00
2.548939306672462521e+02 1.457509237122364687e-01 0.000000000000000000e+00
2.548885242338621993e+02 1.666974570745489992e-01 0.000000000000000000e+00
2.548972125624864020e+02 1.547326668115626969e-01 0.000000000000000000e+00
2.549043142795044616e+02 1.313301456205172857e-01 0.000000000000000000e+00
2.549046348619865228e+02 1.739513149315366214e-01 0.000000000000000000e+00
2.549021517061508462e+02 2.180558574222994928e-01 0.000000000000000000e+00
2.549133231906107255e+02 2.054988046076939856e-01 0.000000000000000000e+00
2.549043197131058491e+02 2.037817865681373630e-01 0.000000000000000000e+00
2.548990273853510189e+02 2.321995218430775998e-01 0.000000000000000000e+00
2.549028580743316752e+02 2.078895892197348272e-01 0.000000000000000000e+00
2.548970278200391135e+02 2.031188871984351274e-01 0.000000000000000000e+00
2.549018256900673691e+02 2.232829819604433830e-01 0.000000000000000000e+00
2.549072755922625504e+02 2.165616170397739737e-01 0.000000000000000000e+00
2.548963757878721879e+02 2.392686372527711436e-01 0.000000000000000000e+00
2.548982340795479331e+02 1.737611388828515513e-01 0.000000000000000000e+00
2.549100032601608348e+02 1.519506628993697039e-01 0.000000000000000000e+00
2.548973429689197872e+02 1.900728102586394241e-01 0.000000000000000000e+00
2.549037437513584052e+02 1.917952618995870384e-01 0.000000000000000000e+00
2.548968050423820841e+02 1.651706150836774745e-01 0.000000000000000000e+00
2.548928765485763961e+02 1.723484025211910464e-01 0.000000000000000000e+00
2.548918061291023776e+02 1.534394696805042313e-01 0.000000000000000000e+00
2.549000434688111341e+02 1.705607476635513930e-01 0.000000000000000000e+00
2.548941480113018940e+02 1.608563355792219096e-01 0.000000000000000000e+00
2.548989893501412780e+02 1.782981960443381919e-01 0.000000000000000000e+00
2.548823190610736731e+02 2.280754183873071050e-01 0.000000000000000000e+00
2.548739078461204031e+02 2.603673114540317468e-01 0.000000000000000000e+00
2.548647793957835290e+02 2.794283851336665792e-01 0.000000000000000000e+00
2.548647196261682382e+02 2.528961095414040683e-01 0.000000000000000000e+00
2.548640838948054750e+02 2.699956531188871800e-01 0.000000000000000000e+00
2.548749945663986125e+02 2.875570528146055294e-01 0.000000000000000000e+00
2.548679200173875188e+02 2.289121930015214079e-01 0.000000000000000000e+00
2.548670126059552388e+02 2.350304281677896012e-01 0.000000000000000000e+00
2.548703216692023545e+02 2.304988046076939801e-01 0.000000000000000000e+00
2.548594816344273113e+02 2.128178656813736191e-01 0.000000000000000000e+00
2.548681264942403857e+02 2.512660291241034516e-01 0.000000000000000000e+00
2.548675287980873634e+02 2.775483590523799005e-01 0.000000000000000000e+00
2.548720767224516521e+02 2.511845251032384096e-01 0.000000000000000000e+00
2.548609324059986818e+02 2.442023473158008995e-01 0.000000000000000000e+00
2.548650673766572368e+02 2.457183221038904686e-01 0.000000000000000000e+00
2.548571017170180255e+02 2.291512714627254865e-01 0.000000000000000000e+00
2.548475385785698677e+02 2.396598565529232672e-01 0.000000000000000000e+00
2.548578732884155613e+02 2.403499239295805168e-01 0.000000000000000000e+00
2.548594816344273113e+02 2.070256465985655381e-01 0.000000000000000000e+00
2.548545587915670581e+02 2.253205824820691261e-01 0.000000000000000000e+00
2.548537437513583939e+02 2.138230819387089698e-01 0.000000000000000000e+00
2.548574222995001151e+02 2.105248858943707946e-01 0.000000000000000000e+00
2.548543903499239320e+02 2.125407520104325154e-01 0.000000000000000000e+00
2.548518039556618078e+02 2.268745924798956648e-01 0.000000000000000000e+00
2.548461258422082096e+02 2.210715061943055726e-01 0.000000000000000000e+00
2.548470875896544214e+02 2.116333405781351817e-01 0.000000000000000000e+00
2.548432351662682152e+02 2.072484242555966139e-01 0.000000000000000000e+00
2.548499184959791251e+02 2.003586176918061290e-01 0.000000000000000000e+00
2.548598674201260508e+02 2.316072592914583672e-01 0.000000000000000000e+00
2.548568517713540587e+02 2.020430341230167459e-01 0.000000000000000000e+00
2.548527874375135980e+02 1.945446642034340257e-01 0.000000000000000000e+00
2.548504781569224065e+02 1.950391219300152135e-01 0.000000000000000000e+00
2.548596772440773748e+02 2.267876548576396312e-01 0.000000000000000000e+00
2.548523744838078642e+02 2.126331232340795407e-01 0.000000000000000000e+00
2.548446968050423891e+02 2.339926103021082449e-01 0.000000000000000000e+00
2.548326505107585263e+02 2.336448598130841103e-01 0.000000000000000000e+00
2.548359976092153829e+02 2.489458813301456130e-01 0.000000000000000000e+00
2.548270484677244099e+02 2.663497065855248702e-01 0.000000000000000000e+00
2.548321940882416925e+02 2.661214953271028305e-01 0.000000000000000000e+00
2.548283851336665862e+02 2.137850467289719725e-01 0.000000000000000000e+00
2.548352423386220380e+02 2.452727667898282893e-01 0.000000000000000000e+00
2.548303683981743006e+02 2.472886329058900101e-01 0.000000000000000000e+00
2.548237448380786816e+02 2.096826776787654723e-01 0.000000000000000000e+00
2.548187241903933966e+02 2.651162790697674243e-01 0.000000000000000000e+00
2.548028961095413933e+02 2.461204086068246033e-01 0.000000000000000000e+00
2.548175994349054463e+02 2.296565963920886855e-01 0.000000000000000000e+00
2.548144533797000690e+02 2.469191480113018811e-01 0.000000000000000000e+00
2.548383014562051869e+02 2.587861334492501664e-01 0.000000000000000000e+00
2.548277276678982730e+02 2.054716366007389716e-01 0.000000000000000000e+00
2.548335524885894472e+02 2.479026298630732372e-01 0.000000000000000000e+00
2.548360302108237363e+02 2.744783742664638204e-01 0.000000000000000000e+00
2.548233264507715603e+02 2.389100195609649979e-01 0.000000000000000000e+00
2.548218050423820955e+02 2.399043686155183652e-01 0.000000000000000000e+00
2.548322864594653367e+02 2.125407520104325154e-01 0.000000000000000000e+00
2.548264942403825160e+02 1.990762877635296746e-01 0.000000000000000000e+00
2.548286513801347439e+02 1.761682242990654235e-01 0.000000000000000000e+00
2.548182840686807253e+02 2.423060204303412180e-01 0.000000000000000000e+00
2.548066181264942429e+02 2.138882851554010089e-01 0.000000000000000000e+00
2.548072484242555902e+02 2.409965224951097496e-01 0.000000000000000000e+00
2.548268854596826714e+02 2.499402303846989803e-01 0.000000000000000000e+00
2.548161812649424007e+02 1.999076287763529580e-01 0.000000000000000000e+00
2.548172571180178352e+02 1.873831775700934565e-01 0.000000000000000000e+00
2.548279232775483649e+02 1.922136492066942037e-01 0.000000000000000000e+00
2.548211475766137823e+02 1.808030862855900811e-01 0.000000000000000000e+00
2.548289719626168335e+02 1.754672897196261627e-01 0.000000000000000000e+00
2.548169963051510649e+02 2.016952836339926114e-01 0.000000000000000000e+00
2.547963920886763844e+02 2.178656813736144227e-01 0.000000000000000000e+00
2.547967887415779273e+02 2.514290371658335355e-01 0.000000000000000000e+00
2.547812812432079852e+02 2.305694414257770108e-01 0.000000000000000000e+00
2.548035970441208349e+02 2.539882634209954526e-01 0.000000000000000000e+00
2.547969463160182499e+02 2.610791132362529909e-01 0.000000000000000000e+00
2.548117746142143005e+02 2.396652901543142866e-01 0.000000000000000000e+00
2.548162953705716234e+02 2.701695283633992473e-01 0.000000000000000000e+00
2.548204194740273749e+02 2.690284720712888267e-01 0.000000000000000000e+00
2.548104107802651583e+02 2.932514670723755934e-01 0.000000000000000000e+00
2.548082373397087679e+02 2.668332971093240746e-01 0.000000000000000000e+00
2.547995707454901151e+02 2.713866550749837181e-01 0.000000000000000000e+00
2.548051021517061372e+02 2.653988263420995475e-01 0.000000000000000000e+00
2.547902901543142775e+02 2.460986742012606088e-01 0.000000000000000000e+00
2.548052597261464882e+02 2.568083025429254707e-01 0.000000000000000000e+00
2.548073788306889753e+02 2.725603129754401444e-01 0.000000000000000000e+00
2.548174690284720612e+02 2.653662247337535418e-01 0.000000000000000000e+00
2.548034992392958031e+02 2.992284286024777251e-01 0.000000000000000000e+00
2.548096881112801668e+02 3.098674201260595562e-01 0.000000000000000000e+00
2.548102477722234198e+02 3.049445772658117559e-01 0.000000000000000000e+00
2.548058248206911571e+02 3.317267985220604398e-01 0.000000000000000000e+00
2.547956857204955554e+02 3.384807650510758270e-01 0.000000000000000000e+00
2.547993968702456016e+02 3.301727885242338734e-01 0.000000000000000000e+00
2.548088513366659527e+02 3.263801347533145103e-01 0.000000000000000000e+00
2.548164529450119460e+02 3.636003042816778885e-01 0.000000000000000000e+00
2.548109867420126022e+02 3.080145620517278915e-01 0.000000000000000000e+00
2.548161595305368508e+02 3.709139317539665304e-01 0.000000000000000000e+00
2.548088241686589868e+02 3.522712453814388356e-01 0.000000000000000000e+00
2.548030428167789694e+02 3.350793305803086430e-01 0.000000000000000000e+00
2.547933710063029764e+02 3.482829819604433830e-01 0.000000000000000000e+00
2.547951912627689524e+02 3.619865246685503024e-01 0.000000000000000000e+00
2.547856009563138571e+02 3.204846772440773650e-01 0.000000000000000000e+00
2.547929363181916926e+02 3.454575092371223732e-01 0.000000000000000000e+00
2.547856607259291479e+02 4.387741795261899669e-01 0.000000000000000000e+00
2.547776678982829708e+02 4.329819604433818858e-01 0.000000000000000000e+00
2.547747446207346229e+02 4.450119539230601995e-01 0.000000000000000000e+00
2.547816941969137190e+02 4.680504238209085011e-01 0.000000000000000000e+00
2.547809443599217616e+02 4.921919148011301703e-01 0.000000000000000000e+00
2.547801619213214508e+02 4.747011519234948795e-01 0.000000000000000000e+00
2.547924038252553771e+02 5.181373614431645791e-01 0.000000000000000000e+00
2.547942403825255440e+02 5.201477939578352805e-01 0.000000000000000000e+00
2.547967452727667990e+02 5.024559878287329084e-01 0.000000000000000000e+00
2.547910997609215258e+02 5.859976092153879046e-01 0.000000000000000000e+00
2.547789556618126596e+02 5.499728319930450304e-01 0.000000000000000000e+00
2.547820365138013585e+02 6.148174309932623594e-01 0.000000000000000000e+00
2.547794175179308809e+02 6.520919365355357655e-01 0.000000000000000000e+00
2.547838024342534311e+02 6.009291458378613893e-01 0.000000000000000000e+00
2.547773690502064881e+02 6.178167789610954364e-01 0.000000000000000000e+00
2.547909150184742373e+02 6.256846337752662857e-01 0.000000000000000000e+00
2.547943870897630916e+02 6.129374049119756807e-01 0.000000000000000000e+00
2.547887361443164593e+02 6.672136492066942370e-01 0.000000000000000000e+00
2.547919691371440933e+02 6.559443599217561482e-01 0.000000000000000000e+00
2.547815203216692055e+02 6.144914149098021916e-01 0.000000000000000000e+00
2.547833623125407598e+02 6.722886329058900268e-01 0.000000000000000000e+00
2.547865627037600404e+02 6.692186481199738912e-01 0.000000000000000000e+00
2.547826016083459990e+02 6.628559008911106831e-01 0.000000000000000000e+00
2.547874103455770580e+02 6.698109106715931516e-01 0.000000000000000000e+00
2.547981743099326195e+02 7.485709628341664645e-01 0.000000000000000000e+00
2.547961421430123892e+02 6.891056292110411263e-01 0.000000000000000000e+00
2.548027004998913299e+02 6.824494675070637006e-01 0.000000000000000000e+00
2.547879754401216985e+02 7.713649206694196403e-01 0.000000000000000000e+00
2.547779776135622569e+02 6.970332536405129398e-01 0.000000000000000000e+00
2.548027385351010707e+02 6.186426863725277281e-01 0.000000000000000000e+00
2.547986579004564192e+02 6.659476200825907855e-01 0.000000000000000000e+00
2.547897033253640586e+02 6.029993479678330548e-01 0.000000000000000000e+00
2.547900999782656015e+02 6.818680721582264237e-01 0.000000000000000000e+00
2.548001847424472999e+02 6.576070419474027151e-01 0.000000000000000000e+00
2.547901760486850549e+02 6.331612692892849559e-01 0.000000000000000000e+00
2.547951858291675649e+02 6.803629645729188935e-01 0.000000000000000000e+00
2.547893664420778066e+02 8.152684199087154582e-01 0.000000000000000000e+00
2.547721364920669487e+02 8.015594435992176026e-01 0.000000000000000000e+00
2.547576939795696660e+02 7.865518365572701232e-01 0.000000000000000000e+00
2.547584981525755268e+02 8.314062160399913193e-01 0.000000000000000000e+00
2.547665779178439607e+02 8.439524016518148430e-01 0.000000000000000000e+00
2.547839926103021071e+02 8.597207128885024918e-01 0.000000000000000000e+00
2.547856226907194070e+02 8.789121930015214579e-01 0.000000000000000000e+00
2.547933003694848821e+02 8.454357748315584065e-01 0.000000000000000000e+00
2.547851010649858665e+02 8.849271897413605314e-01 0.000000000000000000e+00
2.547967398391654115e+02 8.727287546185611422e-01 0.000000000000000000e+00
2.547859813084112091e+02 8.423060204303411957e-01 0.000000000000000000e+00
2.547887687459248127e+02 8.972179960878069460e-01 0.000000000000000000e+00
2.547805259726146403e+02 9.192023473158008606e-01 0.000000000000000000e+00
2.547882253857856938e+02 8.450228211258422606e-01 5.433601391001956243e-06
2.547959845685720381e+02 8.501412736361660949e-01 0.000000000000000000e+00
2.547898989350141221e+02 8.535916105194523151e-01 0.000000000000000000e+00
2.547955553140621703e+02 7.873397087589654175e-01 0.000000000000000000e+00
2.547891871332319056e+02 7.796728971962616495e-01 0.000000000000000000e+00
2.548003097152792975e+02 8.115083677461421008e-01 0.000000000000000000e+00
2.547971038904586010e+02 7.081667028906759587e-01 0.000000000000000000e+00
2.548031949576179045e+02 7.589980439034992310e-01 0.000000000000000000e+00
2.547948217778743754e+02 6.988861117148446045e-01 0.000000000000000000e+00
2.547886437730928151e+02 6.801238861117148149e-01 0.000000000000000000e+00
2.547925885677026656e+02 6.753151488806781177e-01 0.000000000000000000e+00
2.547886437730928151e+02 7.250054336013910250e-01 0.000000000000000000e+00
2.548033199304499021e+02 6.764018691588784549e-01 0.000000000000000000e+00
2.548033036296457396e+02 6.847207128885024474e-01 0.000000000000000000e+00
2.547922571180178295e+02 7.112149532710280164e-01 0.000000000000000000e+00
2.547976255161921415e+02 6.336285590089111297e-01 0.000000000000000000e+00
2.548014670723755728e+02 6.711964790262986424e-01 0.000000000000000000e+00
2.547919148011301900e+02 6.878667680938925777e-01 0.000000000000000000e+00
2.547933438382960105e+02 6.736089980439035063e-01 0.000000000000000000e+00
2.547999347967833046e+02 6.833134101282329897e-01 0.000000000000000000e+00
2.547988100412953827e+02 6.962290806346446148e-01 0.000000000000000000e+00
2.547946696370354402e+02 6.843512279939143461e-01 0.000000000000000000e+00
2.547869484894588084e+02 6.618724190393392437e-01 0.000000000000000000e+00
2.547862095196696259e+02 6.798359052379917555e-01 0.000000000000000000e+00
2.547983373179743580e+02 6.417735274940230550e-01 0.000000000000000000e+00
2.547690719408824123e+02 6.004238209084981071e-01 0.000000000000000000e+00
2.547897250597696086e+02 6.950173875244511912e-01 0.000000000000000000e+00
2.547690502064768623e+02 6.966637687459248385e-01 1.086720278200391249e-05
2.547514562051727864e+02 8.213649206694196847e-01 0.000000000000000000e+00
2.547484731580091193e+02 8.490545533579656468e-01 4.346881112801564994e-05
2.547424092588567817e+02 8.045750923712235991e-01 0.000000000000000000e+00
2.547342805911758319e+02 8.640458595957400956e-01 0.000000000000000000e+00
2.547389806563790557e+02 8.974081721364920439e-01 0.000000000000000000e+00
2.547422136492066898e+02 8.263964355574875409e-01 4.890241251901760280e-05
2.547285209737013645e+02 8.915507498369920070e-01 1.195392306020430306e-04
2.547452021299717444e+02 9.675179308845902604e-01 0.000000000000000000e+00
2.547251630080417328e+02 9.354759834818517916e-01 0.000000000000000000e+00
2.547312540752010364e+02 9.076396435557487763e-01 0.000000000000000000e+00
2.547284449032818827e+02 9.481417083242773547e-01 0.000000000000000000e+00
2.547290154314279391e+02 9.164366442077809261e-01 0.000000000000000000e+00
2.547327320147794012e+02 9.065094544664203946e-01 0.000000000000000000e+00
2.547312921104107772e+02 9.927189741360573638e-01 0.000000000000000000e+00
2.547404531623560047e+02 8.978482938491632037e-01 0.000000000000000000e+00
2.547309552271245252e+02 8.713920886763747431e-01 0.000000000000000000e+00
2.547471745272766839e+02 9.058085198869810784e-01 0.000000000000000000e+00
2.547336774614214221e+02 9.094218648119973825e-01 0.000000000000000000e+00
2.547416865898717617e+02 8.915507498369920070e-01 0.000000000000000000e+00
2.547457128885025099e+02 9.302325581395348708e-01 0.000000000000000000e+00
2.547503694848945770e+02 8.935883503586177223e-01 0.000000000000000000e+00
2.547508530754183766e+02 8.665453162356009376e-01 0.000000000000000000e+00
2.547567050641164883e+02 8.378776352966745833e-01 0.000000000000000000e+00
2.547572321234514163e+02 8.063192784177353190e-01 5.433601391001956243e-06
2.547640838948054807e+02 8.478917626602912039e-01 1.195392306020430306e-04
2.547504835905237996e+02 8.781514888067811775e-01 0.000000000000000000e+00
2.547532818952401783e+02 8.202401651814822392e-01 0.000000000000000000e+00
2.547554988046076971e+02 8.019778309063246846e-01 0.000000000000000000e+00
2.547777113670940992e+02 8.381656161703977537e-01 0.000000000000000000e+00
2.547786948489458894e+02 7.905400999782655758e-01 0.000000000000000000e+00
2.547662627689632586e+02 8.278417735274939959e-01 0.000000000000000000e+00
2.547612312540751986e+02 8.354053466637687553e-01 0.000000000000000000e+00
2.547650619430558550e+02 8.508204738100413334e-01 0.000000000000000000e+00
2.547754401217126770e+02 7.688980656379047485e-01 0.000000000000000000e+00
2.547794501195392343e+02 8.229623994783742402e-01 0.000000000000000000e+00
2.547698217778743697e+02 8.208541621386654663e-01 0.000000000000000000e+00
2.547775103238426482e+02 7.624429471853945151e-01 0.000000000000000000e+00
2.547944414257769949e+02 8.280373831775701410e-01 0.000000000000000000e+00
2.547822864594653254e+02 7.740491197565746440e-01 0.000000000000000000e+00
2.547814279504455612e+02 8.520865029341447849e-01 1.630080417300586873e-05
2.547783525320582498e+02 9.352206042164746824e-01 0.000000000000000000e+00
2.547700010867202707e+02 8.851391001956095961e-01 0.000000000000000000e+00
2.547694522929797927e+02 9.169311019343621139e-01 0.000000000000000000e+00
2.547677081069332701e+02 1.019631601825690126e+00 0.000000000000000000e+00
2.547818028689415257e+02 9.119484894588133495e-01 0.000000000000000000e+00
2.547731199739187105e+02 8.540806346446424557e-01 0.000000000000000000e+00
2.547736415996522510e+02 9.331123668767659085e-01 0.000000000000000000e+00
2.547760160834601209e+02 9.304770702021299966e-01 0.000000000000000000e+00
2.547710226037817733e+02 9.037817865681373464e-01 0.000000000000000000e+00
2.547820365138013585e+02 9.192458161269289052e-01 0.000000000000000000e+00
2.547497826559443581e+02 9.648337317974353677e-01 0.000000000000000000e+00
2.547615409693544848e+02 9.972505976961529850e-01 0.000000000000000000e+00
2.547672897196261772e+02 9.897793957835253620e-01 0.000000000000000000e+00
2.547655564007824296e+02 9.348837209302325313e-01 0.000000000000000000e+00
2.547600630297761484e+02 9.262388611171484820e-01 0.000000000000000000e+00
2.547698326450771447e+02 9.916376874592479629e-01 0.000000000000000000e+00
2.547653662247337536e+02 9.187513584003477174e-01 0.000000000000000000e+00
2.547649532710280482e+02 9.538850249945663995e-01 0.000000000000000000e+00
2.547576885459682785e+02 9.479623994783742402e-01 0.000000000000000000e+00
2.547641219300152216e+02 9.511084546837643705e-01 0.000000000000000000e+00
2.547604216474679504e+02 9.545696587698326852e-01 0.000000000000000000e+00
2.547654096935448820e+02 9.768256900673766285e-01 0.000000000000000000e+00
2.547719028472071159e+02 9.299065420560748141e-01 0.000000000000000000e+00
2.547667952618995741e+02 1.000630297761356147e+00 0.000000000000000000e+00
2.547761193218865401e+02 1.013377526624646752e+00 3.260160834601173746e-05
2.547779232775483536e+02 8.968485111932188447e-01 0.000000000000000000e+00
2.547615572701586473e+02 9.802271245381438680e-01 0.000000000000000000e+00
2.547722342968919804e+02 9.685883503586176779e-01 0.000000000000000000e+00
2.547674364268637248e+02 9.244838078678547788e-01 0.000000000000000000e+00
2.547673277548359181e+02 9.278037383177569764e-01 3.260160834601173746e-05
2.547660073896979043e+02 1.001255161921321468e+00 0.000000000000000000e+00
2.547693218865464075e+02 9.309878287328841040e-01 0.000000000000000000e+00
2.547692349489241508e+02 9.579167572266898967e-01 0.000000000000000000e+00
2.547808519886981173e+02 9.743860030428167507e-01 0.000000000000000000e+00
2.547688382960226079e+02 9.821832210389045414e-01 0.000000000000000000e+00
2.547560312975440127e+02 1.075456422516844146e+00 0.000000000000000000e+00
2.547542001738752333e+02 1.120740056509454519e+00 0.000000000000000000e+00
2.547455933492718998e+02 1.140192349489241419e+00 0.000000000000000000e+00
2.547498750271680024e+02 1.095696587698326452e+00 3.260160834601173746e-05
2.547456096500760623e+02 1.117023473158009095e+00 9.780482503803520559e-05
2.547355303194957514e+02 1.124331667028906745e+00 7.063681808302542777e-05
2.547319821777874438e+02 1.200603129754401310e+00 8.693762225603129988e-05
2.547447131058465573e+02 1.193849163225385812e+00 9.237122364703325274e-05
2.547243914366441970e+02 1.224152358183003608e+00 0.000000000000000000e+00
2.547128504672897122e+02 1.228597044120843362e+00 5.433601391001956243e-06
2.547283960008693668e+02 1.361051945229297955e+00 3.260160834601173746e-05
2.547161323625298905e+02 1.299478374266463732e+00 4.890241251901760280e-05
2.547312323407954864e+02 1.301592045207563553e+00 1.086720278200391249e-05
2.547187078895892114e+02 1.382753749184959746e+00 0.000000000000000000e+00
2.547447511410562981e+02 1.407715713975222771e+00 0.000000000000000000e+00
2.547373288415561774e+02 1.490556400782438562e+00 0.000000000000000000e+00
2.547399858726363959e+02 1.509682677678765517e+00 0.000000000000000000e+00
2.547409530536839952e+02 1.675021734405564011e+00 0.000000000000000000e+00
2.547194088241686529e+02 1.717800478156922495e+00 0.000000000000000000e+00
2.547107422299500001e+02 1.921288850249945668e+00 0.000000000000000000e+00
2.547011899587046173e+02 1.874934796783307878e+00 0.000000000000000000e+00
2.547002988480764998e+02 2.062111497500543233e+00 1.630080417300586873e-05
2.547208432949358894e+02 2.171973484025211842e+00 0.000000000000000000e+00
2.547153879591393206e+02 2.150575961747446030e+00 0.000000000000000000e+00
2.547285101064985895e+02 2.197016952836340131e+00 0.000000000000000000e+00
2.547375679200173977e+02 2.181737665724842401e+00 1.086720278200391249e-05
2.547301727885242428e+02 2.188127580960660623e+00 0.000000000000000000e+00
2.547262551619213298e+02 2.130417300586828766e+00 0.000000000000000000e+00
2.547155944359921875e+02 2.192664638122147291e+00 0.000000000000000000e+00
2.547116387741795336e+02 2.155026081286676831e+00 2.227776570310801890e-04
2.547217344055640069e+02 2.225277113670941276e+00 2.716800695500978121e-05
2.547100684633775245e+02 2.275891110628124103e+00 9.237122364703325274e-05
2.547138339491415024e+02 2.214225168441643188e+00 0.000000000000000000e+00
2.547074549011084628e+02 2.168077591827863415e+00 0.000000000000000000e+00
2.547230873723103741e+02 2.198467724407737300e+00 0.000000000000000000e+00
2.547124592479895568e+02 2.170511845251032579e+00 5.433601391001956243e-06
2.547021897413605700e+02 2.235166268202564588e+00 0.000000000000000000e+00
2.546913551401869142e+02 2.480835687893935937e+00 0.000000000000000000e+00
2.546574875027168048e+02 2.517001738752445039e+00 2.825472723321017111e-04
2.546395837861334428e+02 2.443903499239295840e+00 1.195392306020430306e-04
2.546480602043034196e+02 2.627629863073245087e+00 3.368832862421212667e-04
2.546562921104107886e+02 2.541800695500977980e+00 1.249728319930449834e-04
2.546656976744185954e+02 2.599549011084546724e+00 3.694848945881330110e-04
2.546873234079547785e+02 2.556536622473375431e+00 1.032384264290371720e-04
2.546777711367094241e+02 2.519626168224299079e+00 6.520321669202347491e-05
2.546764018691588660e+02 2.609584872853727422e+00 2.934144751141056439e-04
2.546976744186046631e+02 2.815512931971310806e+00 3.260160834601173746e-05
2.546876385568354806e+02 2.648663334057813401e+00 1.630080417300586873e-05
2.546949141490980253e+02 2.510063029776135490e+00 7.063681808302542777e-05
2.547200119539230627e+02 2.521707237557052839e+00 8.150402086502934703e-05
2.547214355574874958e+02 2.438556835470549800e+00 0.000000000000000000e+00
2.547028363399261082e+02 2.449152358183003475e+00 2.173440556400782497e-05
2.547108237339708694e+02 2.444952184307759069e+00 3.477504890241251995e-04
2.547062921104107716e+02 2.381808302542925304e+00 4.346881112801564994e-05
2.547170452075635865e+02 2.366615953053683885e+00 0.000000000000000000e+00
2.547305803086285607e+02 2.356938708976309638e+00 1.141056292110410777e-04
2.547276352966746344e+02 2.317697239730493575e+00 6.465985655292327827e-04
2.547250054336013818e+02 2.292311454031732421e+00 1.467072375570528219e-04
2.547545044555531319e+02 2.336649641382308129e+00 3.260160834601173746e-05
2.547406650728102591e+02 2.300211910454248887e+00 2.662464681590958390e-04
2.547401706150836844e+02 2.342545098891545496e+00 0.000000000000000000e+00
2.547472560312975531e+02 2.294283851336666125e+00 0.000000000000000000e+00
2.547452727667898387e+02 2.200537926537709410e+00 0.000000000000000000e+00
2.547548413388393840e+02 2.221239947837426509e+00 2.173440556400782497e-05
2.547530754183873114e+02 2.288823081938708981e+00 4.890241251901760280e-05
2.547500652032166784e+02 2.207433166702890581e+00 0.000000000000000000e+00
2.547470060856335579e+02 2.137317974353401429e+00 0.000000000000000000e+00
2.547588622038687163e+02 2.142392958052597329e+00 0.000000000000000000e+00
2.547535644425124985e+02 2.073407954792436225e+00 7.607041947402738062e-05
2.547570310801999653e+02 2.091175831341012703e+00 1.630080417300586941e-04
2.547581014996739839e+02 2.083943707889589270e+00 9.780482503803520559e-05
2.547664746794175130e+02 2.025907411432297245e+00 2.173440556400782497e-05
2.547751032384264249e+02 2.084568572049554369e+00 0.000000000000000000e+00
2.547604868506846287e+02 2.119577265811780187e+00 0.000000000000000000e+00
2.547500108672027750e+02 2.173831775700934443e+00 0.000000000000000000e+00
2.547532981960443408e+02 2.232612475548793718e+00 0.000000000000000000e+00
2.547560910671593035e+02 2.208351445337970009e+00 4.346881112801564994e-05
2.547453760052162579e+02 2.192523364485981396e+00 1.086720278200391249e-05
2.547467670071723660e+02 2.153602477722234454e+00 1.086720278200391249e-05
2.547708650293414507e+02 2.194973918713323258e+00 1.086720278200391249e-05
2.547562377743968796e+02 2.119267550532492717e+00 0.000000000000000000e+00
2.547684470767224525e+02 2.135394479460986705e+00 0.000000000000000000e+00
2.547737720060856361e+02 2.255857422299500037e+00 3.260160834601173746e-05
2.547711964790262869e+02 2.079863073244946570e+00 0.000000000000000000e+00
2.547652955879156593e+02 2.080161921321451945e+00 0.000000000000000000e+00
2.547662138665507428e+02 2.246853944794609870e+00 2.173440556400782497e-05
2.547748043903499138e+02 2.171973484025211842e+00 1.086720278200391249e-05
2.547707237557052906e+02 2.159650076070419367e+00 0.000000000000000000e+00
2.547697620082590788e+02 2.249016518148228450e+00 0.000000000000000000e+00
2.547710226037817733e+02 2.229569658769832596e+00 0.000000000000000000e+00
2.547654096935448820e+02 2.225679200173875216e+00 0.000000000000000000e+00
2.547640458595957398e+02 2.305960660725929312e+00 0.000000000000000000e+00
2.547613942621169372e+02 2.222609215387959303e+00 0.000000000000000000e+00
2.547490925885676916e+02 2.254634861986524630e+00 0.000000000000000000e+00
2.547432079982612549e+02 2.352749402303846882e+00 0.000000000000000000e+00
2.547335742229950029e+02 2.273581830036948581e+00 0.000000000000000000e+00
2.547556074766355039e+02 2.226678982829819464e+00 0.000000000000000000e+00
2.547502879808737362e+02 2.271843077591827686e+00 4.346881112801564994e-05
2.547358889371875819e+02 2.306330145620517413e+00 4.346881112801564994e-05
2.547327863507933046e+02 2.159655509671810414e+00 0.000000000000000000e+00
2.547514996739839148e+02 2.274788089545750847e+00 0.000000000000000000e+00
2.547424690284720725e+02 2.129292545098891765e+00 0.000000000000000000e+00
2.547464083894805356e+02 2.169892414692458082e+00 0.000000000000000000e+00
2.547482232123451524e+02 2.248386220386872303e+00 4.346881112801564994e-05
2.547466746359486933e+02 2.171810475983481759e+00 4.346881112801564994e-05
2.547531351880026023e+02 2.190599869593566673e+00 0.000000000000000000e+00
2.547526407302760276e+02 2.192072375570528031e+00 0.000000000000000000e+00
2.547505650945446689e+02 2.199842425559661141e+00 0.000000000000000000e+00
2.547558411214953367e+02 2.177119104542490913e+00 9.237122364703325274e-05
2.547361225820473862e+02 2.332770049989132843e+00 0.000000000000000000e+00
2.547235709628341738e+02 2.374570745490110824e+00 0.000000000000000000e+00
2.547201749619648012e+02 2.350581395348837255e+00 0.000000000000000000e+00
2.547324005650945367e+02 2.473619865246685645e+00 0.000000000000000000e+00
2.547341447511410593e+02 2.362720060856335458e+00 2.716800695500978121e-05
2.547240491197565859e+02 2.163556835470549888e+00 1.630080417300586873e-05
2.547247446207346115e+02 2.152618995870462903e+00 0.000000000000000000e+00
2.547240110845468450e+02 2.210812866768093965e+00 6.248641599652249171e-04
2.547358889371875819e+02 2.243077591827863593e+00 1.195392306020430306e-04
2.547333242773310076e+02 2.320663986089980479e+00 8.150402086502934703e-05
2.547348239513149224e+02 2.270642251684416468e+00 2.173440556400782497e-05
2.547237991740925906e+02 2.219783742664638293e+00 0.000000000000000000e+00
2.547261790915018480e+02 2.308954575092371009e+00 5.976961530102151528e-05
2.547354651162790731e+02 2.367507063681808521e+00 0.000000000000000000e+00
2.547347804825037940e+02 2.360003260160834504e+00 1.304064333840469498e-04
2.547299663116713759e+02 2.387307107150619334e+00 1.086720278200391249e-05
2.547368017822212494e+02 2.285693327537491992e+00 0.000000000000000000e+00
2.547256248641599541e+02 2.286171484459900149e+00 0.000000000000000000e+00
2.547347804825037940e+02 2.333470984568572160e+00 1.793088459030645391e-04
2.547381384481634541e+02 2.294033905672679730e+00 1.195392306020430306e-04
2.547409313192784168e+02 2.286100847641816980e+00 7.607041947402738062e-05
2.547485492284286011e+02 2.296364920669419885e+00 3.803520973701369438e-04
2.547417354922842776e+02 2.302961312758096124e+00 0.000000000000000000e+00
2.547455172788524180e+02 2.225222777657031248e+00 1.412736361660508555e-04
2.547405944359921648e+02 2.298081938708976146e+00 1.738752445120625998e-04
2.547453488372092920e+02 2.215730276026950829e+00 3.097152792871115160e-04
